recommendation_status,risk_level,brand,display_name,species,format,life_stage,data_quality_status,source_priority,formula_key,gap_priority,gap_score,missing_blockers,estimated_fields_to_replace,health_context,recommendation_reason,required_before_enable
do_not_enable,high,Amanova,Amanova Adult Cat Turkey Delight 1.5kg Grain Free,cat,dry,adult,needs_review,retailer,amanova-adult-cat-turkey-delight-grain-free-cat-dry-gr-gatoskilo,high,74,calcium_percent,,weight_control,"Medical, senior, puppy, kitten or weight-context food is missing blocker nutrients.","Backfill blocker nutrients from official source, PDF or clear label photo."
do_not_enable,high,Amanova,Amanova Dog Puppy Digestive Divine Rabbit 2kg Grain Free,dog,dry,puppy,needs_review,retailer,amanova-dog-puppy-digestive-divine-rabbit-grain-free-dog-dry-gr-gatoskilo,high,90,calcium_percent,,puppy,"Medical, senior, puppy, kitten or weight-context food is missing blocker nutrients.","Backfill blocker nutrients from official source, PDF or clear label photo."
do_not_enable,high,Amanova,Amanova Kitten Exquisite Chicken 1.5kg Low Grain,cat,dry,kitten,needs_review,retailer,amanova-kitten-exquisite-chicken-low-grain-cat-dry-gr-gatoskilo,high,90,calcium_percent,,kitten,"Medical, senior, puppy, kitten or weight-context food is missing blocker nutrients.","Backfill blocker nutrients from official source, PDF or clear label photo."
do_not_enable,high,Ambrosia,"Ambrosia Mediterranean Diet Grain Free Puppy Fresh Sardine & Herring 1,5kg",dog,dry,puppy,needs_review,retailer,ambrosia-mediterranean-diet-grain-free-puppy-fresh-sardine-herring-dog-dry-gr-retailer,high,140,calcium_percent|phosphorus_percent,,puppy,"Medical, senior, puppy, kitten or weight-context food is missing blocker nutrients.","Backfill blocker nutrients from official source, PDF or clear label photo."
do_not_enable,high,Brekkies,Brekkies Cat Adult Special Care Urinary 20kg,cat,dry,adult,needs_review,retailer,brekkies-cat-adult-special-care-urinary-cat-dry-gr-gatoskilo,high,132,calcium_percent|phosphorus_percent,kcal_per_100g|moisture_percent,urinary,"Medical, senior, puppy, kitten or weight-context food is missing blocker nutrients.","Backfill blocker nutrients from official source, PDF or clear label photo."
do_not_enable,high,Dr. Clauder,Dr Clauder's High Premium Cat Sterilised/Senior/Light 10kg,cat,dry,senior,needs_review,retailer,dr-clauder-dr-clauder-s-high-premium-cat-sterilised-senior-light-cat-dry-gr-gatoskilo,high,122,calcium_percent,kcal_per_100g|moisture_percent,weight_control|senior,"Medical, senior, puppy, kitten or weight-context food is missing blocker nutrients.","Backfill blocker nutrients from official source, PDF or clear label photo."
do_not_enable,high,Fish4Dogs,Fish4dogs Finest Salmon Senior Small 6kg,dog,dry,senior,needs_review,retailer,fish4dogs-finest-salmon-senior-small-dog-dry-gr-gatoskilo,high,164,calcium_percent|phosphorus_percent,kcal_per_100g|moisture_percent,senior,"Medical, senior, puppy, kitten or weight-context food is missing blocker nutrients.","Backfill blocker nutrients from official source, PDF or clear label photo."
do_not_enable,high,Happy Cat,Happy Cat Minkas Junior Care 1.5kg,cat,dry,kitten,needs_review,retailer,happy-cat-minkas-junior-care-cat-dry-gr-gatoskilo,high,110,phosphorus_percent,kcal_per_100g|moisture_percent,kitten,"Medical, senior, puppy, kitten or weight-context food is missing blocker nutrients.","Backfill blocker nutrients from official source, PDF or clear label photo."
do_not_enable,high,Josera,Josera Fiesta Plus 900gr,dog,dry,senior,needs_review,retailer,josera-fiesta-plus-dog-dry-gr-gatoskilo,high,138,calcium_percent,kcal_per_100g|moisture_percent,senior,"Medical, senior, puppy, kitten or weight-context food is missing blocker nutrients.","Backfill blocker nutrients from official source, PDF or clear label photo."
do_not_enable,high,Josera,Josera Kitten 2kg,cat,dry,kitten,needs_review,retailer,josera-kitten-cat-dry-gr-gatoskilo,high,118,calcium_percent,kcal_per_100g|moisture_percent,kitten,"Medical, senior, puppy, kitten or weight-context food is missing blocker nutrients.","Backfill blocker nutrients from official source, PDF or clear label photo."
do_not_enable,high,Josera,Josera Leger Light Adult/Senior 10kg,cat,dry,senior,needs_review,retailer,josera-leger-light-adult-senior-cat-dry-gr-gatoskilo,high,118,calcium_percent,kcal_per_100g|moisture_percent,weight_control|senior,"Medical, senior, puppy, kitten or weight-context food is missing blocker nutrients.","Backfill blocker nutrients from official source, PDF or clear label photo."
do_not_enable,high,Josera,Josera Light & Vital Adult 12.5kg,dog,dry,adult,needs_review,retailer,josera-light-and-vital-adult-dog-dry-gr-gatoskilo,high,82,calcium_percent,kcal_per_100g|moisture_percent,weight_control,"Medical, senior, puppy, kitten or weight-context food is missing blocker nutrients.","Backfill blocker nutrients from official source, PDF or clear label photo."
do_not_enable,high,Josera,Josera LOOPIES WITH BEEF,dog,dry,senior,needs_review,official,josera-loopies-with-beef-dog-dry-eu-official,high,146,calcium_percent|phosphorus_percent,,senior,"Medical, senior, puppy, kitten or weight-context food is missing blocker nutrients.","Backfill blocker nutrients from official source, PDF or clear label photo."
do_not_enable,high,Josera,Josera LOOPIES WITH LAMB,dog,dry,senior,needs_review,official,josera-loopies-with-lamb-dog-dry-eu-official,high,146,calcium_percent|phosphorus_percent,,senior,"Medical, senior, puppy, kitten or weight-context food is missing blocker nutrients.","Backfill blocker nutrients from official source, PDF or clear label photo."
do_not_enable,high,Josera,Josera LOOPIES WITH POULTRY,dog,dry,senior,needs_review,official,josera-loopies-with-poultry-dog-dry-eu-official,high,146,calcium_percent|phosphorus_percent,,senior,"Medical, senior, puppy, kitten or weight-context food is missing blocker nutrients.","Backfill blocker nutrients from official source, PDF or clear label photo."
do_not_enable,high,Josera,Josera Marinesse Hypoallergenic Adult 2kg,cat,dry,adult,needs_review,retailer,josera-marinesse-hypoallergenic-adult-cat-dry-gr-gatoskilo,high,74,calcium_percent,kcal_per_100g|moisture_percent,,"Medical, senior, puppy, kitten or weight-context food is missing blocker nutrients.","Backfill blocker nutrients from official source, PDF or clear label photo."
do_not_enable,high,Josera,Josera MEAT HEARTS TURKEY,dog,dry,senior,needs_review,official,josera-meat-hearts-turkey-dog-dry-eu-official,high,146,calcium_percent|phosphorus_percent,,senior,"Medical, senior, puppy, kitten or weight-context food is missing blocker nutrients.","Backfill blocker nutrients from official source, PDF or clear label photo."
do_not_enable,high,Josera,Josera Medium/Maxi Sensi Junior 12.5kg,dog,dry,puppy,needs_review,retailer,josera-medium-maxi-sensi-junior-dog-dry-gr-gatoskilo,high,118,calcium_percent,kcal_per_100g|moisture_percent,puppy,"Medical, senior, puppy, kitten or weight-context food is missing blocker nutrients.","Backfill blocker nutrients from official source, PDF or clear label photo."
do_not_enable,high,Josera,Josera Senior 2kg,cat,dry,senior,needs_review,retailer,josera-senior-cat-dry-gr-gatoskilo,high,118,calcium_percent,kcal_per_100g|moisture_percent,senior,"Medical, senior, puppy, kitten or weight-context food is missing blocker nutrients.","Backfill blocker nutrients from official source, PDF or clear label photo."
do_not_enable,high,Josera,Josera Senior Balance 12.5kg,dog,dry,senior,needs_review,retailer,josera-senior-balance-dog-dry-gr-gatoskilo,high,118,calcium_percent,kcal_per_100g|moisture_percent,senior,"Medical, senior, puppy, kitten or weight-context food is missing blocker nutrients.","Backfill blocker nutrients from official source, PDF or clear label photo."
do_not_enable,high,Orijen,Orijen Cat & Kitten Fit & Trim 1.8kg,cat,dry,kitten,needs_review,retailer,orijen-cat-and-kitten-fit-and-trim-cat-dry-gr-gatoskilo,high,74,phosphorus_percent,,kitten,"Medical, senior, puppy, kitten or weight-context food is missing blocker nutrients.","Backfill blocker nutrients from official source, PDF or clear label photo."
do_not_enable,high,Orijen,Orijen Regional Red 1.8kg,cat,dry,kitten,needs_review,retailer,orijen-regional-red-cat-dry-gr-gatoskilo,high,86,phosphorus_percent,,renal|kitten,"Medical, senior, puppy, kitten or weight-context food is missing blocker nutrients.","Backfill blocker nutrients from official source, PDF or clear label photo."
do_not_enable,high,Purina Pro Plan,Purina Pro Plan Renal Plus Sterilised Σολομός 10kg,cat,dry,,needs_review,retailer,purina-pro-plan-renal-plus-sterilised-σολομοσ-cat-dry-gr-gatoskilo,high,168,calcium_percent|phosphorus_percent,kcal_per_100g|moisture_percent,renal,"Medical, senior, puppy, kitten or weight-context food is missing blocker nutrients.","Backfill blocker nutrients from official source, PDF or clear label photo."
do_not_enable,high,Purina Pro Plan,Purina Pro Plan Veterinary Diets Cat HA Hypoallergenic 1.3kg,cat,dry,,needs_review,retailer,purina-pro-plan-veterinary-diets-cat-ha-hypoallergenic-cat-dry-gr-gatoskilo,high,84,calcium_percent|phosphorus_percent,,,"Medical, senior, puppy, kitten or weight-context food is missing blocker nutrients.","Backfill blocker nutrients from official source, PDF or clear label photo."
do_not_enable,high,Purina Pro Plan,Purina Pro Plan Veterinary Diets Cat HP Hepatic 1.5kg,cat,dry,,needs_review,retailer,purina-pro-plan-veterinary-diets-cat-hp-hepatic-cat-dry-gr-gatoskilo,high,96,calcium_percent|phosphorus_percent,kcal_per_100g|moisture_percent,,"Medical, senior, puppy, kitten or weight-context food is missing blocker nutrients.","Backfill blocker nutrients from official source, PDF or clear label photo."
do_not_enable,high,Purina Pro Plan,Purina Pro Plan Veterinary Diets Cat OM Obesity Management 1.5kg,cat,dry,,needs_review,retailer,purina-pro-plan-veterinary-diets-cat-om-obesity-management-cat-dry-gr-gatoskilo,high,92,calcium_percent|phosphorus_percent,,obesity,"Medical, senior, puppy, kitten or weight-context food is missing blocker nutrients.","Backfill blocker nutrients from official source, PDF or clear label photo."
do_not_enable,high,Purina Pro Plan,Purina Pro Plan Veterinary Diets Small & Mini Dog OM Obesity Management 1.3kg,dog,dry,,needs_review,retailer,purina-pro-plan-veterinary-diets-small-and-mini-dog-om-obesity-management-dog-dry-gr-gatoskilo,high,84,calcium_percent|phosphorus_percent,,obesity,"Medical, senior, puppy, kitten or weight-context food is missing blocker nutrients.","Backfill blocker nutrients from official source, PDF or clear label photo."
do_not_enable,high,Purina Pro Plan,Purina Pro Plan Veterinary Diets Small Dog EN Gastrointestinal 1.5kg,dog,dry,adult,needs_review,retailer,purina-pro-plan-veterinary-diets-small-dog-en-gastrointestinal-dog-dry-gr-gatoskilo,high,96,calcium_percent|phosphorus_percent,kcal_per_100g|moisture_percent,,"Medical, senior, puppy, kitten or weight-context food is missing blocker nutrients.","Backfill blocker nutrients from official source, PDF or clear label photo."
do_not_enable,high,Purina Pro Plan Veterinary Diets,Purina Pro Plan Veterinary Diets Canine HA Hypoallergenic,dog,dry,adult,needs_review,retailer,purina-pro-plan-veterinary-diets-canine-ha-hypoallergenic-dog-dry-eu-retailer,high,100,calcium_percent|phosphorus_percent,kcal_per_100g,allergy,"Medical, senior, puppy, kitten or weight-context food is missing blocker nutrients.","Backfill blocker nutrients from official source, PDF or clear label photo."
do_not_enable,high,Reflex,Reflex Plus Breed Pomeranian Adult Hypoallergenic 2kg,dog,dry,adult,needs_review,retailer,reflex-plus-breed-pomeranian-adult-hypoallergenic-dog-dry-gr-gatoskilo,high,88,calcium_percent|phosphorus_percent,kcal_per_100g,,"Medical, senior, puppy, kitten or weight-context food is missing blocker nutrients.","Backfill blocker nutrients from official source, PDF or clear label photo."
do_not_enable,high,Reflex,Reflex Plus Breed Pomeranian Puppy Hypoallergenic 1.5kg,dog,dry,puppy,needs_review,retailer,reflex-plus-breed-pomeranian-puppy-hypoallergenic-dog-dry-gr-gatoskilo,high,144,calcium_percent|phosphorus_percent,kcal_per_100g,puppy,"Medical, senior, puppy, kitten or weight-context food is missing blocker nutrients.","Backfill blocker nutrients from official source, PDF or clear label photo."
do_not_enable,high,Reflex,Reflex Plus Breed Poodle Adult Hypoallergenic 2kg,dog,dry,adult,needs_review,retailer,reflex-plus-breed-poodle-adult-hypoallergenic-dog-dry-gr-gatoskilo,high,88,calcium_percent|phosphorus_percent,kcal_per_100g,,"Medical, senior, puppy, kitten or weight-context food is missing blocker nutrients.","Backfill blocker nutrients from official source, PDF or clear label photo."
do_not_enable,high,Reflex,Reflex Plus Breed Poodle Puppy Hypoallergenic 1.5kg,dog,dry,puppy,needs_review,retailer,reflex-plus-breed-poodle-puppy-hypoallergenic-dog-dry-gr-gatoskilo,high,144,calcium_percent|phosphorus_percent,kcal_per_100g,puppy,"Medical, senior, puppy, kitten or weight-context food is missing blocker nutrients.","Backfill blocker nutrients from official source, PDF or clear label photo."
do_not_enable,high,Reflex,Reflex Plus Breed Yorkshire Terrier Adult Hypoallergenic 2kg,dog,dry,adult,needs_review,retailer,reflex-plus-breed-yorkshire-terrier-adult-hypoallergenic-dog-dry-gr-gatoskilo,high,88,calcium_percent|phosphorus_percent,kcal_per_100g,,"Medical, senior, puppy, kitten or weight-context food is missing blocker nutrients.","Backfill blocker nutrients from official source, PDF or clear label photo."
do_not_enable,high,Reflex,Reflex Plus Kitten Chicken 1.5kg,cat,dry,kitten,needs_review,retailer,reflex-plus-kitten-chicken-cat-dry-gr-gatoskilo,high,156,calcium_percent|phosphorus_percent,kcal_per_100g|moisture_percent,kitten,"Medical, senior, puppy, kitten or weight-context food is missing blocker nutrients.","Backfill blocker nutrients from official source, PDF or clear label photo."
do_not_enable,high,Reflex,Reflex Plus Medium / Large Junior Lamb 12kg,dog,dry,puppy,needs_review,retailer,reflex-plus-medium-large-junior-lamb-dog-dry-gr-gatoskilo,high,156,calcium_percent|phosphorus_percent,kcal_per_100g|moisture_percent,puppy,"Medical, senior, puppy, kitten or weight-context food is missing blocker nutrients.","Backfill blocker nutrients from official source, PDF or clear label photo."
do_not_enable,high,Royal Canin,Royal Canin Ageing 11+ 400gr,cat,dry,kitten,needs_review,retailer,royal-canin-ageing-11-cat-dry-gr-gatoskilo,high,94,calcium_percent,,kitten,"Medical, senior, puppy, kitten or weight-context food is missing blocker nutrients.","Backfill blocker nutrients from official source, PDF or clear label photo."
do_not_enable,high,Royal Canin,Royal Canin Ageing 15+ 400gr,cat,dry,kitten,needs_review,retailer,royal-canin-ageing-15-cat-dry-gr-gatoskilo,high,94,calcium_percent,,kitten,"Medical, senior, puppy, kitten or weight-context food is missing blocker nutrients.","Backfill blocker nutrients from official source, PDF or clear label photo."
do_not_enable,high,Royal Canin,Royal Canin Baby Cat 400gr,cat,dry,kitten,needs_review,retailer,royal-canin-baby-cat-cat-dry-gr-gatoskilo,high,156,calcium_percent|phosphorus_percent,kcal_per_100g|moisture_percent,kitten,"Medical, senior, puppy, kitten or weight-context food is missing blocker nutrients.","Backfill blocker nutrients from official source, PDF or clear label photo."
do_not_enable,high,Royal Canin,Royal Canin Beagle Adult,dog,dry,senior,needs_review,official,royal-canin-beagle-adult-dog-dry-gr-official,high,150,calcium_percent|phosphorus_percent,,senior,"Medical, senior, puppy, kitten or weight-context food is missing blocker nutrients.","Backfill blocker nutrients from official source, PDF or clear label photo."
do_not_enable,high,Royal Canin,Royal Canin Bichon Frise Adult,dog,dry,senior,needs_review,official,royal-canin-bichon-frise-adult-dog-dry-gr-official,high,150,calcium_percent|phosphorus_percent,,senior,"Medical, senior, puppy, kitten or weight-context food is missing blocker nutrients.","Backfill blocker nutrients from official source, PDF or clear label photo."
do_not_enable,high,Royal Canin,Royal Canin Boxer Adult,dog,dry,senior,needs_review,official,royal-canin-boxer-adult-dog-dry-gr-official,high,146,calcium_percent|phosphorus_percent,,senior,"Medical, senior, puppy, kitten or weight-context food is missing blocker nutrients.","Backfill blocker nutrients from official source, PDF or clear label photo."
do_not_enable,high,Royal Canin,Royal Canin Boxer Puppy,dog,dry,puppy,needs_review,official,royal-canin-boxer-puppy-dog-dry-gr-official,high,138,calcium_percent|phosphorus_percent,,puppy,"Medical, senior, puppy, kitten or weight-context food is missing blocker nutrients.","Backfill blocker nutrients from official source, PDF or clear label photo."
do_not_enable,high,Royal Canin,Royal Canin Bulldog Adult,dog,dry,senior,needs_review,official,royal-canin-bulldog-adult-dog-dry-gr-official,high,146,calcium_percent|phosphorus_percent,,senior,"Medical, senior, puppy, kitten or weight-context food is missing blocker nutrients.","Backfill blocker nutrients from official source, PDF or clear label photo."
do_not_enable,high,Royal Canin,Royal Canin Bulldog Puppy,dog,dry,puppy,needs_review,official,royal-canin-bulldog-puppy-dog-dry-gr-official,high,134,calcium_percent|phosphorus_percent,,puppy,"Medical, senior, puppy, kitten or weight-context food is missing blocker nutrients.","Backfill blocker nutrients from official source, PDF or clear label photo."
do_not_enable,high,Royal Canin,Royal Canin Cavalier King Charles Adult,dog,dry,senior,needs_review,official,royal-canin-cavalier-king-charles-adult-dog-dry-gr-official,high,146,calcium_percent|phosphorus_percent,,senior,"Medical, senior, puppy, kitten or weight-context food is missing blocker nutrients.","Backfill blocker nutrients from official source, PDF or clear label photo."
do_not_enable,high,Royal Canin,Royal Canin Cavalier King Charles Puppy,dog,dry,puppy,needs_review,official,royal-canin-cavalier-king-charles-puppy-dog-dry-gr-official,high,138,calcium_percent|phosphorus_percent,,puppy,"Medical, senior, puppy, kitten or weight-context food is missing blocker nutrients.","Backfill blocker nutrients from official source, PDF or clear label photo."
do_not_enable,high,Royal Canin,Royal Canin Chihuahua Puppy,dog,dry,puppy,needs_review,official,royal-canin-chihuahua-puppy-dog-dry-gr-official,high,138,calcium_percent|phosphorus_percent,,puppy,"Medical, senior, puppy, kitten or weight-context food is missing blocker nutrients.","Backfill blocker nutrients from official source, PDF or clear label photo."
do_not_enable,high,Royal Canin,Royal Canin Cocker Adult,dog,dry,senior,needs_review,official,royal-canin-cocker-adult-dog-dry-gr-official,high,150,calcium_percent|phosphorus_percent,,senior,"Medical, senior, puppy, kitten or weight-context food is missing blocker nutrients.","Backfill blocker nutrients from official source, PDF or clear label photo."
do_not_enable,high,Royal Canin,Royal Canin Cocker Junior 3kg,dog,dry,puppy,needs_review,retailer,royal-canin-cocker-junior-dog-dry-gr-gatoskilo,high,156,calcium_percent|phosphorus_percent,kcal_per_100g|moisture_percent,puppy,"Medical, senior, puppy, kitten or weight-context food is missing blocker nutrients.","Backfill blocker nutrients from official source, PDF or clear label photo."
do_not_enable,high,Royal Canin,Royal Canin Cocker Puppy,dog,dry,puppy,needs_review,official,royal-canin-cocker-puppy-dog-dry-gr-official,high,134,calcium_percent|phosphorus_percent,,puppy,"Medical, senior, puppy, kitten or weight-context food is missing blocker nutrients.","Backfill blocker nutrients from official source, PDF or clear label photo."
do_not_enable,high,Royal Canin,Royal Canin Dalmatian Adult,dog,dry,senior,needs_review,official,royal-canin-dalmatian-adult-dog-dry-gr-official,high,146,calcium_percent|phosphorus_percent,,senior,"Medical, senior, puppy, kitten or weight-context food is missing blocker nutrients.","Backfill blocker nutrients from official source, PDF or clear label photo."
do_not_enable,high,Royal Canin,Royal Canin Dental Care 400g,cat,dry,kitten,needs_review,retailer,royal-canin-dental-care-cat-dry-gr-gatoskilo,high,156,calcium_percent|phosphorus_percent,kcal_per_100g|moisture_percent,kitten,"Medical, senior, puppy, kitten or weight-context food is missing blocker nutrients.","Backfill blocker nutrients from official source, PDF or clear label photo."
do_not_enable,high,Royal Canin,Royal Canin Digestive Care 400gr,cat,dry,kitten,needs_review,retailer,royal-canin-digestive-care-cat-dry-gr-gatoskilo,high,156,calcium_percent|phosphorus_percent,kcal_per_100g|moisture_percent,kitten,"Medical, senior, puppy, kitten or weight-context food is missing blocker nutrients.","Backfill blocker nutrients from official source, PDF or clear label photo."
do_not_enable,high,Royal Canin,Royal Canin Fit 32 10kg,cat,dry,kitten,needs_review,retailer,royal-canin-fit-32-cat-dry-gr-gatoskilo,high,156,calcium_percent|phosphorus_percent,kcal_per_100g|moisture_percent,kitten,"Medical, senior, puppy, kitten or weight-context food is missing blocker nutrients.","Backfill blocker nutrients from official source, PDF or clear label photo."
do_not_enable,high,Royal Canin,Royal Canin French Bulldog Adult,dog,dry,senior,needs_review,official,royal-canin-french-bulldog-adult-dog-dry-gr-official,high,146,calcium_percent|phosphorus_percent,,senior,"Medical, senior, puppy, kitten or weight-context food is missing blocker nutrients.","Backfill blocker nutrients from official source, PDF or clear label photo."
do_not_enable,high,Royal Canin,Royal Canin French Bulldog Puppy,dog,dry,puppy,needs_review,official,royal-canin-french-bulldog-puppy-dog-dry-gr-official,high,138,calcium_percent|phosphorus_percent,,puppy,"Medical, senior, puppy, kitten or weight-context food is missing blocker nutrients.","Backfill blocker nutrients from official source, PDF or clear label photo."
do_not_enable,high,Royal Canin,Royal Canin German Shepherd Adult 11kg,dog,dry,adult,needs_review,retailer,royal-canin-german-shepherd-adult-dog-dry-gr-gatoskilo,high,66,phosphorus_percent,kcal_per_100g,,"Medical, senior, puppy, kitten or weight-context food is missing blocker nutrients.","Backfill blocker nutrients from official source, PDF or clear label photo."
do_not_enable,high,Royal Canin,Royal Canin German Shepherd Puppy,dog,dry,puppy,needs_review,official,royal-canin-german-shepherd-puppy-dog-dry-gr-official,high,134,calcium_percent|phosphorus_percent,,puppy,"Medical, senior, puppy, kitten or weight-context food is missing blocker nutrients.","Backfill blocker nutrients from official source, PDF or clear label photo."
do_not_enable,high,Royal Canin,Royal Canin Golden Retriever Adult,dog,dry,senior,needs_review,official,royal-canin-golden-retriever-adult-dog-dry-gr-official,high,150,calcium_percent|phosphorus_percent,,senior,"Medical, senior, puppy, kitten or weight-context food is missing blocker nutrients.","Backfill blocker nutrients from official source, PDF or clear label photo."
do_not_enable,high,Royal Canin,Royal Canin Golden Retriever Junior 12kg,dog,dry,puppy,needs_review,retailer,royal-canin-golden-retriever-junior-dog-dry-gr-gatoskilo,high,140,calcium_percent|phosphorus_percent,kcal_per_100g|moisture_percent,puppy,"Medical, senior, puppy, kitten or weight-context food is missing blocker nutrients.","Backfill blocker nutrients from official source, PDF or clear label photo."
do_not_enable,high,Royal Canin,Royal Canin Golden Retriever Puppy,dog,dry,puppy,needs_review,official,royal-canin-golden-retriever-puppy-dog-dry-gr-official,high,134,calcium_percent|phosphorus_percent,,puppy,"Medical, senior, puppy, kitten or weight-context food is missing blocker nutrients.","Backfill blocker nutrients from official source, PDF or clear label photo."
do_not_enable,high,Royal Canin,Royal Canin Hair & Skin Care 400g,cat,dry,kitten,needs_review,retailer,royal-canin-hair-and-skin-care-cat-dry-gr-gatoskilo,high,156,calcium_percent|phosphorus_percent,kcal_per_100g|moisture_percent,kitten,"Medical, senior, puppy, kitten or weight-context food is missing blocker nutrients.","Backfill blocker nutrients from official source, PDF or clear label photo."
do_not_enable,high,Royal Canin,Royal Canin Hairball Care 400g,cat,dry,kitten,needs_review,retailer,royal-canin-hairball-care-cat-dry-gr-gatoskilo,high,156,calcium_percent|phosphorus_percent,kcal_per_100g|moisture_percent,kitten,"Medical, senior, puppy, kitten or weight-context food is missing blocker nutrients.","Backfill blocker nutrients from official source, PDF or clear label photo."
do_not_enable,high,Royal Canin,Royal Canin Indoor 27 400g,cat,dry,kitten,needs_review,retailer,royal-canin-indoor-27-cat-dry-gr-gatoskilo,high,156,calcium_percent|phosphorus_percent,kcal_per_100g|moisture_percent,kitten,"Medical, senior, puppy, kitten or weight-context food is missing blocker nutrients.","Backfill blocker nutrients from official source, PDF or clear label photo."
do_not_enable,high,Royal Canin,Royal Canin Jack Russell Adult,dog,dry,senior,needs_review,official,royal-canin-jack-russell-adult-dog-dry-gr-official,high,150,calcium_percent|phosphorus_percent,,senior,"Medical, senior, puppy, kitten or weight-context food is missing blocker nutrients.","Backfill blocker nutrients from official source, PDF or clear label photo."
do_not_enable,high,Royal Canin,Royal Canin Jack Russell Terrier Adult 3kg,dog,dry,adult,needs_review,retailer,royal-canin-jack-russell-terrier-adult-dog-dry-gr-gatoskilo,high,92,calcium_percent|phosphorus_percent,kcal_per_100g|moisture_percent,,"Medical, senior, puppy, kitten or weight-context food is missing blocker nutrients.","Backfill blocker nutrients from official source, PDF or clear label photo."
do_not_enable,high,Royal Canin,Royal Canin Jack Russell Terrier Puppy,dog,dry,puppy,needs_review,official,royal-canin-jack-russell-terrier-puppy-dog-dry-gr-official,high,134,calcium_percent|phosphorus_percent,,puppy,"Medical, senior, puppy, kitten or weight-context food is missing blocker nutrients.","Backfill blocker nutrients from official source, PDF or clear label photo."
do_not_enable,high,Royal Canin,Royal Canin JUNIOR - GIANT,dog,dry,puppy,needs_review,official,royal-canin-junior-giant-dog-dry-gr-official,high,138,calcium_percent|phosphorus_percent,,puppy,"Medical, senior, puppy, kitten or weight-context food is missing blocker nutrients.","Backfill blocker nutrients from official source, PDF or clear label photo."
do_not_enable,high,Royal Canin,Royal Canin Kitten 400gr,cat,dry,kitten,needs_review,retailer,royal-canin-kitten-cat-dry-gr-gatoskilo,high,156,calcium_percent|phosphorus_percent,kcal_per_100g|moisture_percent,kitten,"Medical, senior, puppy, kitten or weight-context food is missing blocker nutrients.","Backfill blocker nutrients from official source, PDF or clear label photo."
do_not_enable,high,Royal Canin,Royal Canin Labrador Adult 12kg,dog,dry,adult,needs_review,retailer,royal-canin-labrador-adult-dog-dry-gr-gatoskilo,high,96,calcium_percent|phosphorus_percent,kcal_per_100g|moisture_percent,,"Medical, senior, puppy, kitten or weight-context food is missing blocker nutrients.","Backfill blocker nutrients from official source, PDF or clear label photo."
do_not_enable,high,Royal Canin,Royal Canin Labrador Retriever Puppy,dog,dry,puppy,needs_review,official,royal-canin-labrador-retriever-puppy-dog-dry-gr-official,high,134,calcium_percent|phosphorus_percent,,puppy,"Medical, senior, puppy, kitten or weight-context food is missing blocker nutrients.","Backfill blocker nutrients from official source, PDF or clear label photo."
do_not_enable,high,Royal Canin,Royal Canin Labrador Retriever Sterilised,dog,dry,senior,needs_review,official,royal-canin-labrador-retriever-sterilised-dog-dry-gr-official,high,150,calcium_percent|phosphorus_percent,,senior,"Medical, senior, puppy, kitten or weight-context food is missing blocker nutrients.","Backfill blocker nutrients from official source, PDF or clear label photo."
do_not_enable,high,Royal Canin,Royal Canin Labrador Sterilised Adult 12kg,dog,dry,adult,needs_review,retailer,royal-canin-labrador-sterilised-adult-dog-dry-gr-gatoskilo,high,96,calcium_percent|phosphorus_percent,kcal_per_100g|moisture_percent,,"Medical, senior, puppy, kitten or weight-context food is missing blocker nutrients.","Backfill blocker nutrients from official source, PDF or clear label photo."
do_not_enable,high,Royal Canin,Royal Canin Light Weight Care 400g,cat,dry,kitten,needs_review,retailer,royal-canin-light-weight-care-cat-dry-gr-gatoskilo,high,156,calcium_percent|phosphorus_percent,kcal_per_100g|moisture_percent,weight_control|kitten,"Medical, senior, puppy, kitten or weight-context food is missing blocker nutrients.","Backfill blocker nutrients from official source, PDF or clear label photo."
do_not_enable,high,Royal Canin,Royal Canin Maltese Adult,dog,dry,senior,needs_review,official,royal-canin-maltese-adult-dog-dry-gr-official,high,150,calcium_percent|phosphorus_percent,,senior,"Medical, senior, puppy, kitten or weight-context food is missing blocker nutrients.","Backfill blocker nutrients from official source, PDF or clear label photo."
do_not_enable,high,Royal Canin,Royal Canin Maxi Ageing 8+ 15kg,dog,dry,senior,needs_review,retailer,royal-canin-maxi-ageing-8-dog-dry-gr-gatoskilo,high,152,calcium_percent|phosphorus_percent,kcal_per_100g|moisture_percent,senior,"Medical, senior, puppy, kitten or weight-context food is missing blocker nutrients.","Backfill blocker nutrients from official source, PDF or clear label photo."
do_not_enable,high,Royal Canin,Royal Canin Maxi Dermacomfort,dog,dry,senior,needs_review,official,royal-canin-maxi-dermacomfort-dog-dry-gr-official,high,150,calcium_percent|phosphorus_percent,,senior,"Medical, senior, puppy, kitten or weight-context food is missing blocker nutrients.","Backfill blocker nutrients from official source, PDF or clear label photo."
do_not_enable,high,Royal Canin,Royal Canin Maxi Digestive Care,dog,dry,senior,needs_review,official,royal-canin-maxi-digestive-care-dog-dry-gr-official,high,150,calcium_percent|phosphorus_percent,,senior,"Medical, senior, puppy, kitten or weight-context food is missing blocker nutrients.","Backfill blocker nutrients from official source, PDF or clear label photo."
do_not_enable,high,Royal Canin,Royal Canin Maxi Joint Care,dog,dry,senior,needs_review,official,royal-canin-maxi-joint-care-dog-dry-gr-official,high,150,calcium_percent|phosphorus_percent,,senior,"Medical, senior, puppy, kitten or weight-context food is missing blocker nutrients.","Backfill blocker nutrients from official source, PDF or clear label photo."
do_not_enable,high,Royal Canin,Royal Canin Maxi light Weight Care,dog,dry,senior,needs_review,official,royal-canin-maxi-light-weight-care-dog-dry-gr-official,high,162,calcium_percent|phosphorus_percent,,weight_control|senior,"Medical, senior, puppy, kitten or weight-context food is missing blocker nutrients.","Backfill blocker nutrients from official source, PDF or clear label photo."
do_not_enable,high,Royal Canin,Royal Canin Maxi Puppy 3kg,dog,dry,puppy,needs_review,retailer,royal-canin-maxi-puppy-dog-dry-gr-gatoskilo,high,120,calcium_percent|phosphorus_percent,,puppy,"Medical, senior, puppy, kitten or weight-context food is missing blocker nutrients.","Backfill blocker nutrients from official source, PDF or clear label photo."
do_not_enable,high,Royal Canin,Royal Canin Maxi Starter 15kg,dog,dry,adult,needs_review,retailer,royal-canin-maxi-starter-dog-dry-gr-gatoskilo,high,80,calcium_percent|phosphorus_percent,,,"Medical, senior, puppy, kitten or weight-context food is missing blocker nutrients.","Backfill blocker nutrients from official source, PDF or clear label photo."
do_not_enable,high,Royal Canin,Royal Canin Maxi Sterilised,dog,dry,senior,needs_review,official,royal-canin-maxi-sterilised-dog-dry-gr-official,high,150,calcium_percent|phosphorus_percent,,senior,"Medical, senior, puppy, kitten or weight-context food is missing blocker nutrients.","Backfill blocker nutrients from official source, PDF or clear label photo."
do_not_enable,high,Royal Canin,Royal Canin Maxi Sterilised AD 12kg,dog,dry,adult,needs_review,retailer,royal-canin-maxi-sterilised-ad-dog-dry-gr-gatoskilo,high,100,calcium_percent|phosphorus_percent,kcal_per_100g|moisture_percent,,"Medical, senior, puppy, kitten or weight-context food is missing blocker nutrients.","Backfill blocker nutrients from official source, PDF or clear label photo."
do_not_enable,high,Royal Canin,Royal Canin Medium Adult 7+ 4kg,dog,dry,senior,needs_review,retailer,royal-canin-medium-adult-7-dog-dry-gr-gatoskilo,high,168,calcium_percent|phosphorus_percent,kcal_per_100g|moisture_percent,senior,"Medical, senior, puppy, kitten or weight-context food is missing blocker nutrients.","Backfill blocker nutrients from official source, PDF or clear label photo."
do_not_enable,high,Royal Canin,Royal Canin Medium Dermacomfort,dog,dry,senior,needs_review,official,royal-canin-medium-dermacomfort-dog-dry-gr-official,high,150,calcium_percent|phosphorus_percent,,senior,"Medical, senior, puppy, kitten or weight-context food is missing blocker nutrients.","Backfill blocker nutrients from official source, PDF or clear label photo."
do_not_enable,high,Royal Canin,Royal Canin Medium Digestive Care,dog,dry,senior,needs_review,official,royal-canin-medium-digestive-care-dog-dry-gr-official,high,146,calcium_percent|phosphorus_percent,,senior,"Medical, senior, puppy, kitten or weight-context food is missing blocker nutrients.","Backfill blocker nutrients from official source, PDF or clear label photo."
do_not_enable,high,Royal Canin,Royal Canin Medium Light Weight Care,dog,dry,senior,needs_review,official,royal-canin-medium-light-weight-care-dog-dry-gr-official,high,162,calcium_percent|phosphorus_percent,,weight_control|senior,"Medical, senior, puppy, kitten or weight-context food is missing blocker nutrients.","Backfill blocker nutrients from official source, PDF or clear label photo."
do_not_enable,high,Royal Canin,Royal Canin Medium Puppy 3kg,dog,dry,puppy,needs_review,retailer,royal-canin-medium-puppy-dog-dry-gr-gatoskilo,high,120,calcium_percent|phosphorus_percent,,puppy,"Medical, senior, puppy, kitten or weight-context food is missing blocker nutrients.","Backfill blocker nutrients from official source, PDF or clear label photo."
do_not_enable,high,Royal Canin,Royal Canin Medium Starter 4kg,dog,dry,,needs_review,retailer,royal-canin-medium-starter-dog-dry-gr-gatoskilo,high,84,calcium_percent|phosphorus_percent,,,"Medical, senior, puppy, kitten or weight-context food is missing blocker nutrients.","Backfill blocker nutrients from official source, PDF or clear label photo."
do_not_enable,high,Royal Canin,Royal Canin Medium Sterilised,dog,dry,senior,needs_review,official,royal-canin-medium-sterilised-dog-dry-gr-official,high,150,calcium_percent|phosphorus_percent,,senior,"Medical, senior, puppy, kitten or weight-context food is missing blocker nutrients.","Backfill blocker nutrients from official source, PDF or clear label photo."
do_not_enable,high,Royal Canin,Royal Canin Mini Adult 8+ 2kg,dog,dry,senior,needs_review,retailer,royal-canin-mini-adult-8-dog-dry-gr-gatoskilo,high,152,calcium_percent|phosphorus_percent,,senior,"Medical, senior, puppy, kitten or weight-context food is missing blocker nutrients.","Backfill blocker nutrients from official source, PDF or clear label photo."
do_not_enable,high,Royal Canin,Royal Canin MINI AGEING 12+,dog,dry,senior,needs_review,official,royal-canin-mini-ageing-12-dog-dry-gr-official,high,146,calcium_percent|phosphorus_percent,,senior,"Medical, senior, puppy, kitten or weight-context food is missing blocker nutrients.","Backfill blocker nutrients from official source, PDF or clear label photo."
do_not_enable,high,Royal Canin,Royal Canin Mini Coat Care,dog,dry,senior,needs_review,official,royal-canin-mini-coat-care-dog-dry-gr-official,high,146,calcium_percent|phosphorus_percent,,senior,"Medical, senior, puppy, kitten or weight-context food is missing blocker nutrients.","Backfill blocker nutrients from official source, PDF or clear label photo."
do_not_enable,high,Royal Canin,Royal Canin Mini Dental Care,dog,dry,senior,needs_review,official,royal-canin-mini-dental-care-dog-dry-gr-official,high,150,calcium_percent|phosphorus_percent,,senior,"Medical, senior, puppy, kitten or weight-context food is missing blocker nutrients.","Backfill blocker nutrients from official source, PDF or clear label photo."
do_not_enable,high,Royal Canin,Royal Canin Mini Dermacomfort,dog,dry,senior,needs_review,official,royal-canin-mini-dermacomfort-dog-dry-gr-official,high,150,calcium_percent|phosphorus_percent,,senior,"Medical, senior, puppy, kitten or weight-context food is missing blocker nutrients.","Backfill blocker nutrients from official source, PDF or clear label photo."
do_not_enable,high,Royal Canin,Royal Canin Mini Digestive Care,dog,dry,senior,needs_review,official,royal-canin-mini-digestive-care-dog-dry-gr-official,high,146,calcium_percent|phosphorus_percent,,senior,"Medical, senior, puppy, kitten or weight-context food is missing blocker nutrients.","Backfill blocker nutrients from official source, PDF or clear label photo."
do_not_enable,high,Royal Canin,Royal Canin Mini Light Weight Care,dog,dry,senior,needs_review,official,royal-canin-mini-light-weight-care-dog-dry-gr-official,high,162,calcium_percent|phosphorus_percent,,weight_control|senior,"Medical, senior, puppy, kitten or weight-context food is missing blocker nutrients.","Backfill blocker nutrients from official source, PDF or clear label photo."
do_not_enable,high,Royal Canin,Royal Canin Mini Puppy 2kg,dog,dry,puppy,needs_review,retailer,royal-canin-mini-puppy-dog-dry-gr-gatoskilo,high,124,calcium_percent|phosphorus_percent,,puppy,"Medical, senior, puppy, kitten or weight-context food is missing blocker nutrients.","Backfill blocker nutrients from official source, PDF or clear label photo."
do_not_enable,high,Royal Canin,Royal Canin Mini Starter 1kg,dog,dry,adult,needs_review,retailer,royal-canin-mini-starter-dog-dry-gr-gatoskilo,high,80,calcium_percent|phosphorus_percent,,,"Medical, senior, puppy, kitten or weight-context food is missing blocker nutrients.","Backfill blocker nutrients from official source, PDF or clear label photo."
do_not_enable,high,Royal Canin,Royal Canin Mini Sterilised,dog,dry,senior,needs_review,official,royal-canin-mini-sterilised-dog-dry-gr-official,high,150,calcium_percent|phosphorus_percent,,senior,"Medical, senior, puppy, kitten or weight-context food is missing blocker nutrients.","Backfill blocker nutrients from official source, PDF or clear label photo."
do_not_enable,high,Royal Canin,Royal Canin Mini Urinary Care,dog,dry,senior,needs_review,official,royal-canin-mini-urinary-care-dog-dry-gr-official,high,174,calcium_percent|phosphorus_percent,,urinary|senior,"Medical, senior, puppy, kitten or weight-context food is missing blocker nutrients.","Backfill blocker nutrients from official source, PDF or clear label photo."
do_not_enable,high,Royal Canin,Royal Canin Miniature Schnauzer Adult,dog,dry,senior,needs_review,official,royal-canin-miniature-schnauzer-adult-dog-dry-gr-official,high,150,calcium_percent|phosphorus_percent,,senior,"Medical, senior, puppy, kitten or weight-context food is missing blocker nutrients.","Backfill blocker nutrients from official source, PDF or clear label photo."
do_not_enable,high,Royal Canin,Royal Canin Persian Adult 400g,cat,dry,kitten,needs_review,retailer,royal-canin-persian-adult-cat-dry-gr-gatoskilo,high,156,calcium_percent|phosphorus_percent,kcal_per_100g|moisture_percent,kitten,"Medical, senior, puppy, kitten or weight-context food is missing blocker nutrients.","Backfill blocker nutrients from official source, PDF or clear label photo."
do_not_enable,high,Royal Canin,Royal Canin Pomeranian Adult,dog,dry,senior,needs_review,official,royal-canin-pomeranian-adult-dog-dry-gr-official,high,146,calcium_percent|phosphorus_percent,,senior,"Medical, senior, puppy, kitten or weight-context food is missing blocker nutrients.","Backfill blocker nutrients from official source, PDF or clear label photo."
do_not_enable,high,Royal Canin,Royal Canin Poodle Junior 3kg,dog,dry,puppy,needs_review,retailer,royal-canin-poodle-junior-dog-dry-gr-gatoskilo,high,156,calcium_percent|phosphorus_percent,kcal_per_100g|moisture_percent,puppy,"Medical, senior, puppy, kitten or weight-context food is missing blocker nutrients.","Backfill blocker nutrients from official source, PDF or clear label photo."
do_not_enable,high,Royal Canin,Royal Canin Poodle Puppy,dog,dry,puppy,needs_review,official,royal-canin-poodle-puppy-dog-dry-gr-official,high,134,calcium_percent|phosphorus_percent,,puppy,"Medical, senior, puppy, kitten or weight-context food is missing blocker nutrients.","Backfill blocker nutrients from official source, PDF or clear label photo."
do_not_enable,high,Royal Canin,Royal Canin Pug Adult,dog,dry,senior,needs_review,official,royal-canin-pug-adult-dog-dry-gr-official,high,146,calcium_percent|phosphorus_percent,,senior,"Medical, senior, puppy, kitten or weight-context food is missing blocker nutrients.","Backfill blocker nutrients from official source, PDF or clear label photo."
do_not_enable,high,Royal Canin,Royal Canin Pug Junior 1.5kg,dog,dry,puppy,needs_review,retailer,royal-canin-pug-junior-dog-dry-gr-gatoskilo,high,156,calcium_percent|phosphorus_percent,kcal_per_100g|moisture_percent,puppy,"Medical, senior, puppy, kitten or weight-context food is missing blocker nutrients.","Backfill blocker nutrients from official source, PDF or clear label photo."
do_not_enable,high,Royal Canin,Royal Canin Pug Puppy,dog,dry,puppy,needs_review,official,royal-canin-pug-puppy-dog-dry-gr-official,high,134,calcium_percent|phosphorus_percent,,puppy,"Medical, senior, puppy, kitten or weight-context food is missing blocker nutrients.","Backfill blocker nutrients from official source, PDF or clear label photo."
do_not_enable,high,Royal Canin,Royal Canin Rottweiler Adult,dog,dry,senior,needs_review,official,royal-canin-rottweiler-adult-dog-dry-gr-official,high,146,calcium_percent|phosphorus_percent,,senior,"Medical, senior, puppy, kitten or weight-context food is missing blocker nutrients.","Backfill blocker nutrients from official source, PDF or clear label photo."
do_not_enable,high,Royal Canin,Royal Canin Rottweiler Junior 12kg,dog,dry,puppy,needs_review,retailer,royal-canin-rottweiler-junior-dog-dry-gr-gatoskilo,high,156,calcium_percent|phosphorus_percent,kcal_per_100g|moisture_percent,puppy,"Medical, senior, puppy, kitten or weight-context food is missing blocker nutrients.","Backfill blocker nutrients from official source, PDF or clear label photo."
do_not_enable,high,Royal Canin,Royal Canin Rottweiler Puppy,dog,dry,puppy,needs_review,official,royal-canin-rottweiler-puppy-dog-dry-gr-official,high,134,calcium_percent|phosphorus_percent,,puppy,"Medical, senior, puppy, kitten or weight-context food is missing blocker nutrients.","Backfill blocker nutrients from official source, PDF or clear label photo."
do_not_enable,high,Royal Canin,Royal Canin Schnauzer Junior 1.5kg,dog,dry,puppy,needs_review,retailer,royal-canin-schnauzer-junior-dog-dry-gr-gatoskilo,high,156,calcium_percent|phosphorus_percent,kcal_per_100g|moisture_percent,puppy,"Medical, senior, puppy, kitten or weight-context food is missing blocker nutrients.","Backfill blocker nutrients from official source, PDF or clear label photo."
do_not_enable,high,Royal Canin,Royal Canin Schnauzer Puppy,dog,dry,puppy,needs_review,official,royal-canin-schnauzer-puppy-dog-dry-gr-official,high,138,calcium_percent|phosphorus_percent,,puppy,"Medical, senior, puppy, kitten or weight-context food is missing blocker nutrients.","Backfill blocker nutrients from official source, PDF or clear label photo."
do_not_enable,high,Royal Canin,Royal Canin Sensible 400gr,cat,dry,kitten,needs_review,retailer,royal-canin-sensible-cat-dry-gr-gatoskilo,high,156,calcium_percent|phosphorus_percent,kcal_per_100g|moisture_percent,kitten,"Medical, senior, puppy, kitten or weight-context food is missing blocker nutrients.","Backfill blocker nutrients from official source, PDF or clear label photo."
do_not_enable,high,Royal Canin,Royal Canin Shih Tzu Adult,dog,dry,senior,needs_review,official,royal-canin-shih-tzu-adult-dog-dry-gr-official,high,146,calcium_percent|phosphorus_percent,,senior,"Medical, senior, puppy, kitten or weight-context food is missing blocker nutrients.","Backfill blocker nutrients from official source, PDF or clear label photo."
do_not_enable,high,Royal Canin,Royal Canin Shih Tzu Junior 1.5kg,dog,dry,puppy,needs_review,retailer,royal-canin-shih-tzu-junior-dog-dry-gr-gatoskilo,high,156,calcium_percent|phosphorus_percent,kcal_per_100g|moisture_percent,puppy,"Medical, senior, puppy, kitten or weight-context food is missing blocker nutrients.","Backfill blocker nutrients from official source, PDF or clear label photo."
do_not_enable,high,Royal Canin,Royal Canin Shih Tzu Puppy,dog,dry,puppy,needs_review,official,royal-canin-shih-tzu-puppy-dog-dry-gr-official,high,138,calcium_percent|phosphorus_percent,,puppy,"Medical, senior, puppy, kitten or weight-context food is missing blocker nutrients.","Backfill blocker nutrients from official source, PDF or clear label photo."
do_not_enable,high,Royal Canin,Royal Canin STARTER Mother & Babydog - MAXI,dog,dry,puppy,needs_review,official,royal-canin-starter-mother-babydog-maxi-dog-dry-gr-official,high,134,calcium_percent|phosphorus_percent,,puppy,"Medical, senior, puppy, kitten or weight-context food is missing blocker nutrients.","Backfill blocker nutrients from official source, PDF or clear label photo."
do_not_enable,high,Royal Canin,Royal Canin STARTER Mother & Babydog - MEDIUM,dog,dry,puppy,needs_review,official,royal-canin-starter-mother-babydog-medium-dog-dry-gr-official,high,138,calcium_percent|phosphorus_percent,,puppy,"Medical, senior, puppy, kitten or weight-context food is missing blocker nutrients.","Backfill blocker nutrients from official source, PDF or clear label photo."
do_not_enable,high,Royal Canin,Royal Canin Sterilised +7 400g,cat,dry,kitten,needs_review,retailer,royal-canin-sterilised-7-cat-dry-gr-gatoskilo,high,126,calcium_percent,kcal_per_100g|moisture_percent,kitten,"Medical, senior, puppy, kitten or weight-context food is missing blocker nutrients.","Backfill blocker nutrients from official source, PDF or clear label photo."
do_not_enable,high,Royal Canin,Royal Canin Sterilised 10kg,cat,dry,kitten,needs_review,retailer,royal-canin-sterilised-cat-dry-gr-gatoskilo,high,156,calcium_percent|phosphorus_percent,kcal_per_100g|moisture_percent,kitten,"Medical, senior, puppy, kitten or weight-context food is missing blocker nutrients.","Backfill blocker nutrients from official source, PDF or clear label photo."
do_not_enable,high,Royal Canin,Royal Canin Sterilised Appetite Control 3.5kg,cat,dry,kitten,needs_review,retailer,royal-canin-sterilised-appetite-control-cat-dry-gr-gatoskilo,high,156,calcium_percent|phosphorus_percent,kcal_per_100g|moisture_percent,kitten,"Medical, senior, puppy, kitten or weight-context food is missing blocker nutrients.","Backfill blocker nutrients from official source, PDF or clear label photo."
do_not_enable,high,Royal Canin,Royal Canin Urinary Care 400g,cat,dry,kitten,needs_review,retailer,royal-canin-urinary-care-cat-dry-gr-gatoskilo,high,192,calcium_percent|phosphorus_percent,kcal_per_100g|moisture_percent,urinary|kitten,"Medical, senior, puppy, kitten or weight-context food is missing blocker nutrients.","Backfill blocker nutrients from official source, PDF or clear label photo."
do_not_enable,high,Royal Canin,Royal Canin Vet Diet Cat Diabetic 1.5kg,cat,dry,,needs_review,retailer,royal-canin-vet-diet-cat-diabetic-cat-dry-gr-gatoskilo,high,108,calcium_percent|phosphorus_percent,kcal_per_100g|moisture_percent,weight_control,"Medical, senior, puppy, kitten or weight-context food is missing blocker nutrients.","Backfill blocker nutrients from official source, PDF or clear label photo."
do_not_enable,high,Royal Canin,Royal Canin Vet Diet Cat GastroIntestinal 2kg,cat,dry,,needs_review,retailer,royal-canin-vet-diet-cat-gastrointestinal-cat-dry-gr-gatoskilo,high,84,calcium_percent|phosphorus_percent,kcal_per_100g|moisture_percent,,"Medical, senior, puppy, kitten or weight-context food is missing blocker nutrients.","Backfill blocker nutrients from official source, PDF or clear label photo."
do_not_enable,high,Royal Canin,Royal Canin Vet Diet Cat GastroIntestinal Moderate Calorie 2kg,cat,dry,,needs_review,retailer,royal-canin-vet-diet-cat-gastrointestinal-moderate-calorie-cat-dry-gr-gatoskilo,high,84,calcium_percent|phosphorus_percent,kcal_per_100g|moisture_percent,,"Medical, senior, puppy, kitten or weight-context food is missing blocker nutrients.","Backfill blocker nutrients from official source, PDF or clear label photo."
do_not_enable,high,Royal Canin,Royal Canin Vet Diet Cat Hepatic 2kg,cat,dry,,needs_review,retailer,royal-canin-vet-diet-cat-hepatic-cat-dry-gr-gatoskilo,high,92,calcium_percent|phosphorus_percent,kcal_per_100g|moisture_percent,,"Medical, senior, puppy, kitten or weight-context food is missing blocker nutrients.","Backfill blocker nutrients from official source, PDF or clear label photo."
do_not_enable,high,Royal Canin,Royal Canin Vet Diet Cat Hypoallergenic 2.5kg,cat,dry,,needs_review,retailer,royal-canin-vet-diet-cat-hypoallergenic-cat-dry-gr-gatoskilo,high,92,calcium_percent|phosphorus_percent,kcal_per_100g|moisture_percent,,"Medical, senior, puppy, kitten or weight-context food is missing blocker nutrients.","Backfill blocker nutrients from official source, PDF or clear label photo."
do_not_enable,high,Royal Canin,Royal Canin Vet Diet Cat Satiety Weight Management 1.5kg,cat,dry,,needs_review,retailer,royal-canin-vet-diet-cat-satiety-weight-management-cat-dry-gr-gatoskilo,high,92,calcium_percent|phosphorus_percent,,weight_control,"Medical, senior, puppy, kitten or weight-context food is missing blocker nutrients.","Backfill blocker nutrients from official source, PDF or clear label photo."
do_not_enable,high,Royal Canin,Royal Canin Vet Diet Dog GastroIntestinal 2kg,dog,dry,,needs_review,retailer,royal-canin-vet-diet-dog-gastrointestinal-dog-dry-gr-gatoskilo,high,84,calcium_percent|phosphorus_percent,kcal_per_100g|moisture_percent,,"Medical, senior, puppy, kitten or weight-context food is missing blocker nutrients.","Backfill blocker nutrients from official source, PDF or clear label photo."
do_not_enable,high,Royal Canin,Royal Canin Vet Diet Dog GastroIntestinal High Fibre 2kg,dog,dry,,needs_review,retailer,royal-canin-vet-diet-dog-gastrointestinal-high-fibre-dog-dry-gr-gatoskilo,high,96,calcium_percent|phosphorus_percent,kcal_per_100g|moisture_percent,,"Medical, senior, puppy, kitten or weight-context food is missing blocker nutrients.","Backfill blocker nutrients from official source, PDF or clear label photo."
do_not_enable,high,Royal Canin,Royal Canin Vet Diet Dog GastroIntestinal Low Fat 1.5kg,dog,dry,,needs_review,retailer,royal-canin-vet-diet-dog-gastrointestinal-low-fat-dog-dry-gr-gatoskilo,high,92,calcium_percent|phosphorus_percent,kcal_per_100g|moisture_percent,,"Medical, senior, puppy, kitten or weight-context food is missing blocker nutrients.","Backfill blocker nutrients from official source, PDF or clear label photo."
do_not_enable,high,Royal Canin,Royal Canin Vet Diet Dog Hepatic 1.5kg,dog,dry,,needs_review,retailer,royal-canin-vet-diet-dog-hepatic-dog-dry-gr-gatoskilo,high,92,calcium_percent|phosphorus_percent,kcal_per_100g|moisture_percent,,"Medical, senior, puppy, kitten or weight-context food is missing blocker nutrients.","Backfill blocker nutrients from official source, PDF or clear label photo."
do_not_enable,high,Royal Canin,Royal Canin Vet Diet Dog Hypoallergenic 2kg,dog,dry,,needs_review,retailer,royal-canin-vet-diet-dog-hypoallergenic-dog-dry-gr-gatoskilo,high,100,calcium_percent|phosphorus_percent,kcal_per_100g|moisture_percent,,"Medical, senior, puppy, kitten or weight-context food is missing blocker nutrients.","Backfill blocker nutrients from official source, PDF or clear label photo."
do_not_enable,high,Royal Canin,Royal Canin Vet Diet Dog Hypoallergenic Moderate Calorie 14kg,dog,dry,,needs_review,retailer,royal-canin-vet-diet-dog-hypoallergenic-moderate-calorie-dog-dry-gr-gatoskilo,high,100,calcium_percent|phosphorus_percent,kcal_per_100g|moisture_percent,,"Medical, senior, puppy, kitten or weight-context food is missing blocker nutrients.","Backfill blocker nutrients from official source, PDF or clear label photo."
do_not_enable,high,Royal Canin,Royal Canin Vet Diet Dog Satiety Weight Management 1.5kg,dog,dry,,needs_review,retailer,royal-canin-vet-diet-dog-satiety-weight-management-dog-dry-gr-gatoskilo,high,92,calcium_percent|phosphorus_percent,,weight_control,"Medical, senior, puppy, kitten or weight-context food is missing blocker nutrients.","Backfill blocker nutrients from official source, PDF or clear label photo."
do_not_enable,high,Royal Canin,Royal Canin Vet Diet Dog Urinary UC Low P 2kg,dog,dry,,needs_review,retailer,royal-canin-vet-diet-dog-urinary-uc-low-p-dog-dry-gr-gatoskilo,high,140,calcium_percent|phosphorus_percent,kcal_per_100g|moisture_percent,urinary,"Medical, senior, puppy, kitten or weight-context food is missing blocker nutrients.","Backfill blocker nutrients from official source, PDF or clear label photo."
do_not_enable,high,Royal Canin,Royal Canin Vet Diet Puppy GastroIntestinal 1kg,dog,dry,puppy,needs_review,retailer,royal-canin-vet-diet-puppy-gastrointestinal-dog-dry-gr-gatoskilo,high,114,phosphorus_percent,kcal_per_100g|moisture_percent,puppy,"Medical, senior, puppy, kitten or weight-context food is missing blocker nutrients.","Backfill blocker nutrients from official source, PDF or clear label photo."
do_not_enable,high,Royal Canin,Royal Canin Vet Diet Small Dog Renal 1.5kg,dog,dry,,needs_review,retailer,royal-canin-vet-diet-small-dog-renal-dog-dry-gr-gatoskilo,high,106,calcium_percent,kcal_per_100g|moisture_percent,renal,"Medical, senior, puppy, kitten or weight-context food is missing blocker nutrients.","Backfill blocker nutrients from official source, PDF or clear label photo."
do_not_enable,high,Royal Canin,Royal Canin Vet Diet Small Dog Skin Care 2kg,dog,dry,,needs_review,retailer,royal-canin-vet-diet-small-dog-skin-care-dog-dry-gr-gatoskilo,high,96,calcium_percent|phosphorus_percent,kcal_per_100g|moisture_percent,,"Medical, senior, puppy, kitten or weight-context food is missing blocker nutrients.","Backfill blocker nutrients from official source, PDF or clear label photo."
do_not_enable,high,Royal Canin,Royal Canin West Highland White Terrier Adult,dog,dry,senior,needs_review,official,royal-canin-west-highland-white-terrier-adult-dog-dry-gr-official,high,146,calcium_percent|phosphorus_percent,,senior,"Medical, senior, puppy, kitten or weight-context food is missing blocker nutrients.","Backfill blocker nutrients from official source, PDF or clear label photo."
do_not_enable,high,Royal Canin,Royal Canin X-Small Light Weight Care,dog,dry,senior,needs_review,official,royal-canin-x-small-light-weight-care-dog-dry-gr-official,high,146,calcium_percent|phosphorus_percent,,weight_control|senior,"Medical, senior, puppy, kitten or weight-context food is missing blocker nutrients.","Backfill blocker nutrients from official source, PDF or clear label photo."
do_not_enable,high,Royal Canin,Royal Canin X-Small Sterilised,dog,dry,senior,needs_review,official,royal-canin-x-small-sterilised-dog-dry-gr-official,high,150,calcium_percent|phosphorus_percent,,senior,"Medical, senior, puppy, kitten or weight-context food is missing blocker nutrients.","Backfill blocker nutrients from official source, PDF or clear label photo."
do_not_enable,high,Royal Canin,Royal Canin Xsmall Light Weight Care 1.5kg,dog,dry,,needs_review,retailer,royal-canin-xsmall-light-weight-care-dog-dry-gr-gatoskilo,high,88,calcium_percent|phosphorus_percent,,weight_control,"Medical, senior, puppy, kitten or weight-context food is missing blocker nutrients.","Backfill blocker nutrients from official source, PDF or clear label photo."
do_not_enable,high,Royal Canin,Royal Canin Xsmall Puppy 1.5kg,dog,dry,puppy,needs_review,retailer,royal-canin-xsmall-puppy-dog-dry-gr-gatoskilo,high,156,calcium_percent|phosphorus_percent,kcal_per_100g|moisture_percent,puppy,"Medical, senior, puppy, kitten or weight-context food is missing blocker nutrients.","Backfill blocker nutrients from official source, PDF or clear label photo."
do_not_enable,high,Royal Canin,Royal Canin Yorkshire Junior 1.5kg,dog,dry,puppy,needs_review,retailer,royal-canin-yorkshire-junior-dog-dry-gr-gatoskilo,high,156,calcium_percent|phosphorus_percent,kcal_per_100g|moisture_percent,puppy,"Medical, senior, puppy, kitten or weight-context food is missing blocker nutrients.","Backfill blocker nutrients from official source, PDF or clear label photo."
do_not_enable,high,Royal Canin,Royal Canin Yorkshire Terrier Puppy,dog,dry,puppy,needs_review,official,royal-canin-yorkshire-terrier-puppy-dog-dry-gr-official,high,138,calcium_percent|phosphorus_percent,,puppy,"Medical, senior, puppy, kitten or weight-context food is missing blocker nutrients.","Backfill blocker nutrients from official source, PDF or clear label photo."
do_not_enable,high,Royal Canin Veterinary Diet,Royal Canin Veterinary Canine Anallergenic,dog,dry,adult,needs_review,retailer,royal-canin-veterinary-diet-royal-canin-veterinary-canine-anallergenic-dog-dry-eu-retailer,high,100,calcium_percent|phosphorus_percent,kcal_per_100g,weight_control|allergy,"Medical, senior, puppy, kitten or weight-context food is missing blocker nutrients.","Backfill blocker nutrients from official source, PDF or clear label photo."
do_not_enable,high,Royal Canin Veterinary Diet,Royal Canin Veterinary Canine Gastrointestinal Low Fat,dog,dry,adult,needs_review,retailer,royal-canin-veterinary-diet-royal-canin-veterinary-canine-gastrointestinal-low-fat-dog-dry-eu-retailer,high,112,calcium_percent|phosphorus_percent,kcal_per_100g,gi_support,"Medical, senior, puppy, kitten or weight-context food is missing blocker nutrients.","Backfill blocker nutrients from official source, PDF or clear label photo."
do_not_enable,high,Royal Canin Veterinary Diet,Royal Canin Veterinary Canine Hypoallergenic,dog,dry,adult,needs_review,retailer,royal-canin-veterinary-diet-royal-canin-veterinary-canine-hypoallergenic-dog-dry-eu-retailer,high,82,phosphorus_percent,kcal_per_100g,allergy,"Medical, senior, puppy, kitten or weight-context food is missing blocker nutrients.","Backfill blocker nutrients from official source, PDF or clear label photo."
do_not_enable,high,Royal Canin Veterinary Diet,Royal Canin Veterinary Dog - Gastrointestinal,dog,dry,adult,needs_review,retailer,royal-canin-veterinary-diet-royal-canin-veterinary-dog-gastrointestinal-dog-dry-eu-retailer,high,112,calcium_percent|phosphorus_percent,kcal_per_100g,gi_support,"Medical, senior, puppy, kitten or weight-context food is missing blocker nutrients.","Backfill blocker nutrients from official source, PDF or clear label photo."
do_not_enable,high,Tonus Dog Chow,Tonus Dog Chow Light Γαλοπούλα 2.5kg,dog,dry,,needs_review,retailer,tonus-dog-chow-light-γαλοπουλα-dog-dry-gr-gatoskilo,high,108,calcium_percent|phosphorus_percent,kcal_per_100g|moisture_percent,weight_control,"Medical, senior, puppy, kitten or weight-context food is missing blocker nutrients.","Backfill blocker nutrients from official source, PDF or clear label photo."
do_not_enable,high,Tonus Dog Chow,Tonus Dog Chow Puppy Κοτόπουλο 2.5kg,dog,dry,puppy,needs_review,retailer,tonus-dog-chow-puppy-κοτοπουλο-dog-dry-gr-gatoskilo,high,156,calcium_percent|phosphorus_percent,kcal_per_100g|moisture_percent,puppy,"Medical, senior, puppy, kitten or weight-context food is missing blocker nutrients.","Backfill blocker nutrients from official source, PDF or clear label photo."
do_not_enable,high,Trendline,Trendline Kitten Chicken 15kg,cat,dry,kitten,needs_review,retailer,trendline-kitten-chicken-cat-dry-gr-gatoskilo,high,156,calcium_percent|phosphorus_percent,kcal_per_100g|moisture_percent,kitten,"Medical, senior, puppy, kitten or weight-context food is missing blocker nutrients.","Backfill blocker nutrients from official source, PDF or clear label photo."
do_not_enable,high,Wellness Core,Wellness CORE Healthy Weight Small Breed Γαλοπούλα 1.5kg,dog,dry,,needs_review,retailer,wellness-core-healthy-weight-small-breed-γαλοπουλα-dog-dry-gr-gatoskilo,high,84,calcium_percent|phosphorus_percent,,weight_control,"Medical, senior, puppy, kitten or weight-context food is missing blocker nutrients.","Backfill blocker nutrients from official source, PDF or clear label photo."
hold_until_backfill,medium,AdPet,FeedPoint Cat Adult Sterilised με Σολομό 15kg,cat,dry,adult,needs_review,retailer,adpet-feedpoint-cat-adult-sterilised-με-σολομο-cat-dry-gr-gatoskilo,high,88,calcium_percent|phosphorus_percent,kcal_per_100g,,Core blocker nutrients are missing.,"Backfill missing kcal, calcium, phosphorus or proximate values."
cautious_enable_only,medium,Akvatera,"Akvatera τροφή με αρνί για μικρόσωμα ενήλικα σκυλιά με εντερικά και δερματικά προβλήματα 1,5kg",dog,dry,adult,needs_review,retailer,akvatera-natures-protection-superior-care-sensitive-skin-stomach-adult-small-breeds-lamb-dog-dry-gr-retailer,high,72,,kcal_per_100g|moisture_percent,sensitive_digestion,Uses estimated calories for a sensitive recommendation context.,Prefer official kcal before strong recommendation or portion guidance.
hold_until_backfill,medium,Amanova,Amanova Adult Cat Divine Rabbit 1.5kg Grain Free,cat,dry,adult,needs_review,retailer,amanova-adult-cat-divine-rabbit-grain-free-cat-dry-gr-gatoskilo,high,66,calcium_percent,,,Core blocker nutrients are missing.,"Backfill missing kcal, calcium, phosphorus or proximate values."
hold_until_backfill,medium,Amanova,Amanova Adult Cat Exquisite Chicken 1.5kg Low Grain,cat,dry,adult,needs_review,retailer,amanova-adult-cat-exquisite-chicken-low-grain-cat-dry-gr-gatoskilo,high,66,calcium_percent,,,Core blocker nutrients are missing.,"Backfill missing kcal, calcium, phosphorus or proximate values."
hold_until_backfill,medium,Amanova,Amanova Dog Adult Sensitive Salmon Deluxe 2kg Grain Free,dog,dry,adult,needs_review,retailer,amanova-dog-adult-sensitive-salmon-deluxe-grain-free-dog-dry-gr-gatoskilo,high,66,calcium_percent,,,Core blocker nutrients are missing.,"Backfill missing kcal, calcium, phosphorus or proximate values."
hold_until_backfill,medium,Amanova,Amanova Sterilised Cat Delicious Lamb 1.5kg Low Grain,cat,dry,,needs_review,retailer,amanova-sterilised-cat-delicious-lamb-low-grain-cat-dry-gr-gatoskilo,high,66,calcium_percent,,,Core blocker nutrients are missing.,"Backfill missing kcal, calcium, phosphorus or proximate values."
hold_until_backfill,medium,Amanova,Amanova Sterilised Cat Exquisite Chicken 1.5kg Low Grain,cat,dry,,needs_review,retailer,amanova-sterilised-cat-exquisite-chicken-low-grain-cat-dry-gr-gatoskilo,high,66,calcium_percent,,,Core blocker nutrients are missing.,"Backfill missing kcal, calcium, phosphorus or proximate values."
hold_until_backfill,medium,Amanova,Amanova Sterilised Cat Fish Delicacy 1.5kg Grain Free,cat,dry,,needs_review,retailer,amanova-sterilised-cat-fish-delicacy-grain-free-cat-dry-gr-gatoskilo,high,66,calcium_percent,,,Core blocker nutrients are missing.,"Backfill missing kcal, calcium, phosphorus or proximate values."
hold_until_backfill,medium,Amanova,Amanova Sterilised Cat Salmon Deluxe 1.5kg Low Grain,cat,dry,,needs_review,retailer,amanova-sterilised-cat-salmon-deluxe-low-grain-cat-dry-gr-gatoskilo,high,66,calcium_percent,,,Core blocker nutrients are missing.,"Backfill missing kcal, calcium, phosphorus or proximate values."
cautious_enable_only,medium,Ambrosia,Ambrosia Grain Free Cat & Kitten Turkey & Chicken 1.5kg,cat,dry,kitten,needs_review,retailer,ambrosia-grain-free-cat-and-kitten-turkey-and-chicken-cat-dry-gr-gatoskilo,high,80,,kcal_per_100g,kitten,Uses estimated calories for a sensitive recommendation context.,Prefer official kcal before strong recommendation or portion guidance.
review_before_enable,medium,Ambrosia,Ambrosia Mediterranean Grain Free Puppy Fresh Sardine & Herring 5kg,dog,dry,puppy,needs_review,retailer,ambrosia-mediterranean-grain-free-puppy-fresh-sardine-and-herring-dog-dry-gr-gatoskilo,high,68,,,puppy,Nutrient gap score is high even without core blockers.,Review gap report and source notes before enabling.
review_before_enable,medium,Ambrosia,Ambrosia Mediterranean Grain Free Senior Light & Sterilised Fresh Turkey 5kg,dog,dry,senior,needs_review,retailer,ambrosia-mediterranean-grain-free-senior-light-and-sterilised-fresh-turkey-dog-dry-gr-gatoskilo,high,92,,,weight_control|senior,Nutrient gap score is high even without core blockers.,Review gap report and source notes before enabling.
review_before_enable,medium,Anima,Anima Puppy Chicken & Turkey 14kg,dog,dry,puppy,needs_review,retailer,anima-puppy-chicken-and-turkey-dog-dry-gr-gatoskilo,high,80,,,puppy,Nutrient gap score is high even without core blockers.,Review gap report and source notes before enabling.
cautious_enable_only,medium,Barking Heads,Barking Heads All Hounder Puppy Days Turkey 6kg,dog,dry,puppy,needs_review,retailer,barking-heads-all-hounder-puppy-days-turkey-dog-dry-gr-gatoskilo,high,96,,kcal_per_100g|moisture_percent,puppy,Uses estimated calories for a sensitive recommendation context.,Prefer official kcal before strong recommendation or portion guidance.
hold_until_backfill,medium,Barking Heads,Barking Heads Fat Dog Slim Chicken 12kg,dog,dry,,needs_review,retailer,barking-heads-fat-dog-slim-chicken-dog-dry-gr-gatoskilo,high,100,calcium_percent|phosphorus_percent,kcal_per_100g|moisture_percent,,Core blocker nutrients are missing.,"Backfill missing kcal, calcium, phosphorus or proximate values."
hold_until_backfill,medium,Barking Heads,Barking Heads Little Paws Bowl Lickin' Chicken - Small Breed 6kg,dog,dry,,needs_review,retailer,barking-heads-little-paws-bowl-lickin-chicken-small-breed-dog-dry-gr-gatoskilo,high,92,calcium_percent|phosphorus_percent,kcal_per_100g|moisture_percent,,Core blocker nutrients are missing.,"Backfill missing kcal, calcium, phosphorus or proximate values."
cautious_enable_only,medium,Bedog,Bedog Junior 15kg,dog,dry,puppy,needs_review,retailer,bedog-junior-dog-dry-gr-gatoskilo,high,84,,kcal_per_100g,puppy,Uses estimated calories for a sensitive recommendation context.,Prefer official kcal before strong recommendation or portion guidance.
hold_until_backfill,medium,Bedog,Bedog Vital 15kg,dog,dry,,needs_review,retailer,bedog-vital-dog-dry-gr-gatoskilo,high,88,calcium_percent|phosphorus_percent,kcal_per_100g,,Core blocker nutrients are missing.,"Backfill missing kcal, calcium, phosphorus or proximate values."
cautious_enable_only,medium,Belcando,Belcando Adult Iberico & Rice 12.5kg,dog,dry,adult,needs_review,retailer,belcando-adult-iberico-and-rice-dog-dry-gr-gatoskilo,high,92,,kcal_per_100g,renal,Uses estimated calories for a sensitive recommendation context.,Prefer official kcal before strong recommendation or portion guidance.
cautious_enable_only,medium,Belcando,Belcando Adult Light 1kg,dog,dry,adult,needs_review,retailer,belcando-adult-light-dog-dry-gr-gatoskilo,medium,56,,kcal_per_100g,weight_control,Uses estimated calories for a sensitive recommendation context.,Prefer official kcal before strong recommendation or portion guidance.
cautious_enable_only,medium,Belcando,Belcando Baseline Oldie & Light 12.5kg,dog,dry,,needs_review,retailer,belcando-baseline-oldie-and-light-dog-dry-gr-gatoskilo,medium,56,,kcal_per_100g,weight_control,Uses estimated calories for a sensitive recommendation context.,Prefer official kcal before strong recommendation or portion guidance.
cautious_enable_only,medium,Belcando,Belcando Finest Light 4kg,dog,dry,,needs_review,retailer,belcando-finest-light-dog-dry-gr-gatoskilo,medium,56,,kcal_per_100g,weight_control,Uses estimated calories for a sensitive recommendation context.,Prefer official kcal before strong recommendation or portion guidance.
cautious_enable_only,medium,Belcando,Belcando Junior Grain Free Poultry 4kg,dog,dry,puppy,needs_review,retailer,belcando-junior-grain-free-poultry-dog-dry-gr-gatoskilo,high,80,,kcal_per_100g,puppy,Uses estimated calories for a sensitive recommendation context.,Prefer official kcal before strong recommendation or portion guidance.
cautious_enable_only,medium,Belcando,Belcando Junior Lamb & Rice 12.5kg,dog,dry,puppy,needs_review,retailer,belcando-junior-lamb-and-rice-dog-dry-gr-gatoskilo,high,80,,kcal_per_100g,puppy,Uses estimated calories for a sensitive recommendation context.,Prefer official kcal before strong recommendation or portion guidance.
cautious_enable_only,medium,Belcando,Belcando Junior Maxi 12.5kg,dog,dry,puppy,needs_review,retailer,belcando-junior-maxi-dog-dry-gr-gatoskilo,high,80,,kcal_per_100g,puppy,Uses estimated calories for a sensitive recommendation context.,Prefer official kcal before strong recommendation or portion guidance.
cautious_enable_only,medium,Belcando,Belcando Senior Finest Grain Free Poultry 4kg,dog,dry,senior,needs_review,retailer,belcando-senior-finest-grain-free-poultry-dog-dry-gr-gatoskilo,high,92,,kcal_per_100g,senior,Uses estimated calories for a sensitive recommendation context.,Prefer official kcal before strong recommendation or portion guidance.
cautious_enable_only,medium,Belcando,Belcando Senior Sensitive 4kg,dog,dry,senior,needs_review,retailer,belcando-senior-sensitive-dog-dry-gr-gatoskilo,high,92,,kcal_per_100g,senior,Uses estimated calories for a sensitive recommendation context.,Prefer official kcal before strong recommendation or portion guidance.
hold_until_backfill,medium,BEWI,BEWI Adult Poultry 20kg,cat,dry,adult,needs_review,retailer,bewi-adult-poultry-cat-dry-gr-gatoskilo,high,62,phosphorus_percent,kcal_per_100g,,Core blocker nutrients are missing.,"Backfill missing kcal, calcium, phosphorus or proximate values."
hold_until_backfill,medium,BEWI,BEWI Crocinis 20kg,cat,dry,,needs_review,retailer,bewi-crocinis-cat-dry-gr-gatoskilo,high,62,phosphorus_percent,kcal_per_100g,,Core blocker nutrients are missing.,"Backfill missing kcal, calcium, phosphorus or proximate values."
hold_until_backfill,medium,BEWI,BEWI Delicaties Grain & Gluten Free 20kg,cat,dry,,needs_review,retailer,bewi-delicaties-grain-and-gluten-free-cat-dry-gr-gatoskilo,high,62,phosphorus_percent,kcal_per_100g,,Core blocker nutrients are missing.,"Backfill missing kcal, calcium, phosphorus or proximate values."
cautious_enable_only,medium,Bozita,Bozita Cat Senior 8+ Salmon 2kg,cat,dry,senior,needs_review,retailer,bozita-cat-senior-8-salmon-cat-dry-gr-gatoskilo,high,104,,kcal_per_100g,senior,Uses estimated calories for a sensitive recommendation context.,Prefer official kcal before strong recommendation or portion guidance.
hold_until_backfill,medium,Brekkies,Brekkies Cat Adult Complet 15kg,cat,dry,adult,needs_review,retailer,brekkies-cat-adult-complet-cat-dry-gr-gatoskilo,high,92,calcium_percent|phosphorus_percent,kcal_per_100g|moisture_percent,,Core blocker nutrients are missing.,"Backfill missing kcal, calcium, phosphorus or proximate values."
review_before_enable,medium,Brekkies,Brekkies Cat Adult Delice Meat 20kg,cat,dry,adult,needs_review,retailer,brekkies-cat-adult-delice-meat-cat-dry-gr-gatoskilo,high,64,,kcal_per_100g|moisture_percent,,Nutrient gap score is high even without core blockers.,Review gap report and source notes before enabling.
hold_until_backfill,medium,Brekkies,Brekkies Cat Adult Mix Beef 15kg,cat,dry,adult,needs_review,retailer,brekkies-cat-adult-mix-beef-cat-dry-gr-gatoskilo,high,92,calcium_percent|phosphorus_percent,kcal_per_100g|moisture_percent,,Core blocker nutrients are missing.,"Backfill missing kcal, calcium, phosphorus or proximate values."
hold_until_backfill,medium,Brekkies,Brekkies Cat Adult Mix Fish 15kg,cat,dry,adult,needs_review,retailer,brekkies-cat-adult-mix-fish-cat-dry-gr-gatoskilo,high,92,calcium_percent|phosphorus_percent,kcal_per_100g|moisture_percent,,Core blocker nutrients are missing.,"Backfill missing kcal, calcium, phosphorus or proximate values."
cautious_enable_only,medium,Briantos,Briantos Grain-Free Economy Pack 2 x 12kg,dog,dry,puppy,needs_review,retailer,briantos-grain-free-economy-pack-2-x-12kg-dog-dry-eu-retailer,high,84,,kcal_per_100g,puppy,Uses estimated calories for a sensitive recommendation context.,Prefer official kcal before strong recommendation or portion guidance.
review_before_enable,medium,Brit,Brit Care Cat Kitten Grain Free Chicken & Turkey 2kg,cat,dry,kitten,needs_review,retailer,brit-care-cat-kitten-grain-free-chicken-and-turkey-cat-dry-gr-gatoskilo,high,60,,,kitten,Nutrient gap score is high even without core blockers.,Review gap report and source notes before enabling.
review_before_enable,medium,Brit,Brit Care Cat Senior Weight Control Chicken Grain Free 2kg,cat,dry,senior,needs_review,retailer,brit-care-cat-senior-weight-control-chicken-grain-free-cat-dry-gr-gatoskilo,high,72,,,weight_control|senior,Nutrient gap score is high even without core blockers.,Review gap report and source notes before enabling.
review_before_enable,medium,Brit,Brit Care Mini Dog Puppy Grain Free Lamb 2kg,dog,dry,puppy,needs_review,retailer,brit-care-mini-dog-puppy-grain-free-lamb-dog-dry-gr-gatoskilo,high,64,,,puppy,Nutrient gap score is high even without core blockers.,Review gap report and source notes before enabling.
review_before_enable,medium,Brit,Brit Fresh Turkey Dog Senior Fit & Slim 2.5kg,dog,dry,senior,needs_review,retailer,brit-fresh-turkey-dog-senior-fit-and-slim-dog-dry-gr-gatoskilo,high,60,,,senior,Nutrient gap score is high even without core blockers.,Review gap report and source notes before enabling.
review_before_enable,medium,Brit,Brit Premium By Nature Cat Kitten 1.5kg,cat,dry,kitten,needs_review,retailer,brit-premium-by-nature-cat-kitten-cat-dry-gr-gatoskilo,high,60,,,kitten,Nutrient gap score is high even without core blockers.,Review gap report and source notes before enabling.
review_before_enable,medium,Brit,Brit Premium By Nature Junior Extra Large 15kg,dog,dry,puppy,needs_review,retailer,brit-premium-by-nature-junior-extra-large-dog-dry-gr-gatoskilo,high,64,,,puppy,Nutrient gap score is high even without core blockers.,Review gap report and source notes before enabling.
review_before_enable,medium,Brit,Brit Premium By Nature Junior Large 15kg,dog,dry,puppy,needs_review,retailer,brit-premium-by-nature-junior-large-dog-dry-gr-gatoskilo,high,64,,,puppy,Nutrient gap score is high even without core blockers.,Review gap report and source notes before enabling.
review_before_enable,medium,Brit,Brit Premium By Nature Junior Medium 15kg,dog,dry,puppy,needs_review,retailer,brit-premium-by-nature-junior-medium-dog-dry-gr-gatoskilo,high,64,,,puppy,Nutrient gap score is high even without core blockers.,Review gap report and source notes before enabling.
review_before_enable,medium,Brit,Brit Premium By Nature Junior Small 1kg,dog,dry,puppy,needs_review,retailer,brit-premium-by-nature-junior-small-dog-dry-gr-gatoskilo,high,64,,,puppy,Nutrient gap score is high even without core blockers.,Review gap report and source notes before enabling.
cautious_enable_only,medium,Burns,Burns Adult & Senior Sensitive Duck & Potato,dog,dry,senior,needs_review,retailer,burns-adult-senior-sensitive-duck-potato-dog-dry-eu-retailer,high,112,,kcal_per_100g,senior,Uses estimated calories for a sensitive recommendation context.,Prefer official kcal before strong recommendation or portion guidance.
review_before_enable,medium,Calibra,Calibra Vet Cat Renal & Cardiac 2kg,cat,dry,,needs_review,retailer,calibra-vet-cat-renal-and-cardiac-cat-dry-gr-gatoskilo,high,76,,,renal,Nutrient gap score is high even without core blockers.,Review gap report and source notes before enabling.
review_before_enable,medium,Calibra,Calibra Vet Dog Oxalate & Urate & Cystine 2kg,dog,dry,,needs_review,retailer,calibra-vet-dog-oxalate-and-urate-and-cystine-dog-dry-gr-gatoskilo,high,72,,,renal,Nutrient gap score is high even without core blockers.,Review gap report and source notes before enabling.
cautious_enable_only,medium,Canagan,Canagan Light/Senior/Sterilised for Cats 1.5kg,cat,dry,senior,needs_review,retailer,canagan-light-senior-sterilised-for-cats-cat-dry-gr-gatoskilo,high,100,,kcal_per_100g,weight_control|senior,Uses estimated calories for a sensitive recommendation context.,Prefer official kcal before strong recommendation or portion guidance.
review_before_enable,medium,Carnilove,Carnilove Kittens Salmon & Turkey 2kg - Healthy Growth,cat,dry,kitten,needs_review,retailer,carnilove-kittens-salmon-and-turkey-healthy-growth-cat-dry-gr-gatoskilo,high,76,,,kitten,Nutrient gap score is high even without core blockers.,Review gap report and source notes before enabling.
review_before_enable,medium,Carnilove,"Carnilove Puppies Salmon Υψηλής ποιότητας διατροφή πλούσια σε αμινοξέα, βιταμίνες",dog,dry,adult,needs_review,retailer,carnilove-puppies-salmon-υψηλης-ποιοτητας-διατροφη-πλουσια-σε-αμινοξεα-βιταμινες-dog-dry-gr-retailer,high,68,,,puppy,Nutrient gap score is high even without core blockers.,Review gap report and source notes before enabling.
review_before_enable,medium,Carnilove,Carnilove Salmon & Turkey Large Breed Puppy 1.5kg,dog,dry,puppy,needs_review,retailer,carnilove-salmon-and-turkey-large-breed-puppy-dog-dry-gr-gatoskilo,high,68,,,puppy,Nutrient gap score is high even without core blockers.,Review gap report and source notes before enabling.
review_before_enable,medium,Cennamo,Cennamo Breeder Dog Pork & Rice 20kg,dog,dry,,needs_review,retailer,cennamo-breeder-dog-pork-and-rice-dog-dry-gr-gatoskilo,high,64,,kcal_per_100g|moisture_percent,,Nutrient gap score is high even without core blockers.,Review gap report and source notes before enabling.
hold_until_backfill,medium,Cennamo,Cennamo Diamant Cat Star Mix 15kg,cat,dry,,needs_review,retailer,cennamo-diamant-cat-star-mix-cat-dry-gr-gatoskilo,high,80,calcium_percent|phosphorus_percent,,,Core blocker nutrients are missing.,"Backfill missing kcal, calcium, phosphorus or proximate values."
hold_until_backfill,medium,Cennamo,Cennamo Diamant Cat Star Sterilised 1.5kg,cat,dry,,needs_review,retailer,cennamo-diamant-cat-star-sterilised-cat-dry-gr-gatoskilo,high,100,calcium_percent|phosphorus_percent,kcal_per_100g|moisture_percent,,Core blocker nutrients are missing.,"Backfill missing kcal, calcium, phosphorus or proximate values."
review_before_enable,medium,Cennamo,Cennamo Prestige Dog Adult Light Chicken 12kg,dog,dry,senior,needs_review,retailer,cennamo-prestige-dog-adult-light-chicken-dog-dry-gr-gatoskilo,high,104,,,weight_control|senior,Nutrient gap score is high even without core blockers.,Review gap report and source notes before enabling.
review_before_enable,medium,Cennamo,Cennamo Prestige Dog Adult Medium Salmon 12kg,dog,dry,senior,needs_review,retailer,cennamo-prestige-dog-adult-medium-salmon-dog-dry-gr-gatoskilo,high,96,,,senior,Nutrient gap score is high even without core blockers.,Review gap report and source notes before enabling.
review_before_enable,medium,Cibau,Cibau Puppy Maxi 12kg + 2kg ΔΩΡΟ,dog,dry,puppy,needs_review,retailer,cibau-puppy-maxi-δωρο-dog-dry-gr-gatoskilo,high,80,,,puppy,Nutrient gap score is high even without core blockers.,Review gap report and source notes before enabling.
review_before_enable,medium,Club 4 Paws,Club 4 Paws Kitten Chicken 300gr,cat,dry,kitten,needs_review,retailer,club-4-paws-kitten-chicken-cat-dry-gr-gatoskilo,high,72,,,kitten,Nutrient gap score is high even without core blockers.,Review gap report and source notes before enabling.
review_before_enable,medium,Club 4 Paws,Club 4 Paws Sensitive Digestion 14kg,cat,dry,,needs_review,retailer,club-4-paws-sensitive-digestion-cat-dry-gr-gatoskilo,high,60,,,sensitive_digestion,Nutrient gap score is high even without core blockers.,Review gap report and source notes before enabling.
cautious_enable_only,medium,Dr. Clauder,Dr Clauder's Best Choice Junior Sensitive Lamb & Rice 350gr,dog,dry,puppy,needs_review,retailer,dr-clauder-dr-clauder-s-best-choice-junior-sensitive-lamb-and-rice-dog-dry-gr-gatoskilo,high,92,,kcal_per_100g|moisture_percent,puppy,Uses estimated calories for a sensitive recommendation context.,Prefer official kcal before strong recommendation or portion guidance.
cautious_enable_only,medium,Dr. Clauder,Dr Clauder's Best Choice Senior/Light 350gr,dog,dry,senior,needs_review,retailer,dr-clauder-dr-clauder-s-best-choice-senior-light-dog-dry-gr-gatoskilo,high,104,,kcal_per_100g|moisture_percent,weight_control|senior,Uses estimated calories for a sensitive recommendation context.,Prefer official kcal before strong recommendation or portion guidance.
cautious_enable_only,medium,Dr. Clauder,Dr Clauder's Dog Intestinal Diet 1kg,dog,dry,,needs_review,retailer,dr-clauder-dr-clauder-s-dog-intestinal-diet-dog-dry-gr-gatoskilo,medium,36,,kcal_per_100g,,Uses estimated calories for a sensitive recommendation context.,Prefer official kcal before strong recommendation or portion guidance.
review_before_enable,medium,Dr. Clauder,Dr Clauder's Hyposensitive Grain Free Duck & Potatoes 11.5kg,dog,dry,,needs_review,retailer,dr-clauder-dr-clauder-s-hyposensitive-grain-free-duck-and-potatoes-dog-dry-gr-gatoskilo,high,60,,kcal_per_100g|moisture_percent,,Nutrient gap score is high even without core blockers.,Review gap report and source notes before enabling.
hold_until_backfill,medium,Ecopet Natural,Ecopet Natural Adult Medium 12kg + 2kg ΔΩΡΟ,dog,dry,adult,needs_review,retailer,ecopet-natural-adult-medium-δωρο-dog-dry-gr-gatoskilo,high,84,calcium_percent|phosphorus_percent,,,Core blocker nutrients are missing.,"Backfill missing kcal, calcium, phosphorus or proximate values."
hold_until_backfill,medium,Ecopet Natural,Ecopet Natural Adult Mini 12kg + 2kg ΔΩΡΟ,dog,dry,adult,needs_review,retailer,ecopet-natural-adult-mini-δωρο-dog-dry-gr-gatoskilo,high,84,calcium_percent|phosphorus_percent,,,Core blocker nutrients are missing.,"Backfill missing kcal, calcium, phosphorus or proximate values."
hold_until_backfill,medium,Ecopet Natural,Ecopet Natural Fish Adult Medium 12kg + 2kg ΔΩΡΟ,dog,dry,adult,needs_review,retailer,ecopet-natural-fish-adult-medium-δωρο-dog-dry-gr-gatoskilo,high,84,calcium_percent|phosphorus_percent,,,Core blocker nutrients are missing.,"Backfill missing kcal, calcium, phosphorus or proximate values."
hold_until_backfill,medium,Enjoy,Enjoy Adult Cat Κοτόπουλο 15kg,cat,dry,adult,needs_review,retailer,enjoy-adult-cat-κοτοπουλο-cat-dry-gr-gatoskilo,high,100,calcium_percent|phosphorus_percent,kcal_per_100g|moisture_percent,,Core blocker nutrients are missing.,"Backfill missing kcal, calcium, phosphorus or proximate values."
hold_until_backfill,medium,Enjoy,Enjoy Adult Cat Multicolour Κοτόπουλο 15kg,cat,dry,adult,needs_review,retailer,enjoy-adult-cat-multicolour-κοτοπουλο-cat-dry-gr-gatoskilo,high,100,calcium_percent|phosphorus_percent,kcal_per_100g|moisture_percent,,Core blocker nutrients are missing.,"Backfill missing kcal, calcium, phosphorus or proximate values."
review_before_enable,medium,Equilibrio,Equilbirio Salmon 7.5kg,cat,dry,,needs_review,retailer,equilibrio-equilbirio-salmon-cat-dry-gr-gatoskilo,high,64,,kcal_per_100g|moisture_percent,,Nutrient gap score is high even without core blockers.,Review gap report and source notes before enabling.
cautious_enable_only,medium,Equilibrio,Equilbrio Kitten 7.5kg,cat,dry,kitten,needs_review,retailer,equilibrio-equilbrio-kitten-cat-dry-gr-gatoskilo,high,96,,kcal_per_100g|moisture_percent,kitten,Uses estimated calories for a sensitive recommendation context.,Prefer official kcal before strong recommendation or portion guidance.
review_before_enable,medium,Equilibrio,Equilibrio Adult Hairball 2kg,cat,dry,adult,needs_review,retailer,equilibrio-adult-hairball-cat-dry-gr-gatoskilo,high,64,,kcal_per_100g|moisture_percent,,Nutrient gap score is high even without core blockers.,Review gap report and source notes before enabling.
review_before_enable,medium,Equilibrio,Equilibrio Adult Large Breed 12kg + 2kg ΔΩΡΟ,dog,dry,adult,needs_review,retailer,equilibrio-adult-large-breed-δωρο-dog-dry-gr-gatoskilo,high,64,,kcal_per_100g|moisture_percent,,Nutrient gap score is high even without core blockers.,Review gap report and source notes before enabling.
cautious_enable_only,medium,Equilibrio,Equilibrio Puppy Medium Breed 12kg + 2kg ΔΩΡΟ,dog,dry,puppy,needs_review,retailer,equilibrio-puppy-medium-breed-δωρο-dog-dry-gr-gatoskilo,high,84,,kcal_per_100g,puppy,Uses estimated calories for a sensitive recommendation context.,Prefer official kcal before strong recommendation or portion guidance.
review_before_enable,medium,Equilibrio,Equilibrio Sterilised 2kg,cat,dry,,needs_review,retailer,equilibrio-sterilised-cat-dry-gr-gatoskilo,high,64,,kcal_per_100g|moisture_percent,,Nutrient gap score is high even without core blockers.,Review gap report and source notes before enabling.
review_before_enable,medium,Farmina,Farmina Team Breeder Top με Κοτόπουλο 20kg,dog,dry,senior,needs_review,retailer,farmina-team-breeder-top-με-κοτοπουλο-dog-dry-gr-gatoskilo,high,100,,,senior,Nutrient gap score is high even without core blockers.,Review gap report and source notes before enabling.
hold_until_backfill,medium,Friskies,Friskies Active Βοδινό 9kg,dog,dry,,needs_review,retailer,friskies-active-βοδινο-dog-dry-gr-gatoskilo,high,92,calcium_percent|phosphorus_percent,kcal_per_100g|moisture_percent,,Core blocker nutrients are missing.,"Backfill missing kcal, calcium, phosphorus or proximate values."
hold_until_backfill,medium,Friskies,Friskies Balance Κοτόπουλο & Λαχανικά 1.5kg,dog,dry,,needs_review,retailer,friskies-balance-κοτοπουλο-and-λαχανικα-dog-dry-gr-gatoskilo,high,92,calcium_percent|phosphorus_percent,kcal_per_100g|moisture_percent,,Core blocker nutrients are missing.,"Backfill missing kcal, calcium, phosphorus or proximate values."
hold_until_backfill,medium,Friskies,Friskies Mini Menu Βοδινό 1.5kg,dog,dry,,needs_review,retailer,friskies-mini-menu-βοδινο-dog-dry-gr-gatoskilo,high,92,calcium_percent|phosphorus_percent,kcal_per_100g|moisture_percent,,Core blocker nutrients are missing.,"Backfill missing kcal, calcium, phosphorus or proximate values."
hold_until_backfill,medium,Friskies,Friskies Mini Menu Κοτόπουλο & Λαχανικά 1.5kg,dog,dry,,needs_review,retailer,friskies-mini-menu-κοτοπουλο-and-λαχανικα-dog-dry-gr-gatoskilo,high,92,calcium_percent|phosphorus_percent,kcal_per_100g|moisture_percent,,Core blocker nutrients are missing.,"Backfill missing kcal, calcium, phosphorus or proximate values."
hold_until_backfill,medium,Friskies,Friskies Nutri Soft Βοδινό 1.5kg,dog,dry,,needs_review,retailer,friskies-nutri-soft-βοδινο-dog-dry-gr-gatoskilo,high,88,calcium_percent|phosphorus_percent,kcal_per_100g,,Core blocker nutrients are missing.,"Backfill missing kcal, calcium, phosphorus or proximate values."
hold_until_backfill,medium,Frolic,Frolic Adult Μοσχάρι 1.5kg,dog,dry,adult,needs_review,retailer,frolic-adult-μοσχαρι-dog-dry-gr-gatoskilo,high,88,calcium_percent|phosphorus_percent,kcal_per_100g,,Core blocker nutrients are missing.,"Backfill missing kcal, calcium, phosphorus or proximate values."
hold_until_backfill,medium,Gemon,Gemon Cat Adult Complete Chicken & Turkey 20kg,cat,dry,adult,needs_review,retailer,gemon-cat-adult-complete-chicken-and-turkey-cat-dry-gr-gatoskilo,high,76,calcium_percent|phosphorus_percent,,,Core blocker nutrients are missing.,"Backfill missing kcal, calcium, phosphorus or proximate values."
review_before_enable,medium,Gemon,Gemon Cat Kitten Chicken & Rice 20kg,cat,dry,kitten,needs_review,retailer,gemon-cat-kitten-chicken-and-rice-cat-dry-gr-gatoskilo,high,80,,,kitten,Nutrient gap score is high even without core blockers.,Review gap report and source notes before enabling.
hold_until_backfill,medium,Gemon,Gemon Cat Sterilised Beef 7kg,cat,dry,,needs_review,retailer,gemon-cat-sterilised-beef-cat-dry-gr-gatoskilo,high,74,calcium_percent,kcal_per_100g|moisture_percent,,Core blocker nutrients are missing.,"Backfill missing kcal, calcium, phosphorus or proximate values."
hold_until_backfill,medium,Gemon,Gemon Cat Sterilised Tuna & Salmon 2kg,cat,dry,,needs_review,retailer,gemon-cat-sterilised-tuna-and-salmon-cat-dry-gr-gatoskilo,high,74,calcium_percent,kcal_per_100g|moisture_percent,,Core blocker nutrients are missing.,"Backfill missing kcal, calcium, phosphorus or proximate values."
hold_until_backfill,medium,Gemon,Gemon Cat Sterilized Turkey 20kg,cat,dry,,needs_review,retailer,gemon-cat-sterilized-turkey-cat-dry-gr-gatoskilo,high,50,calcium_percent,,,Core blocker nutrients are missing.,"Backfill missing kcal, calcium, phosphorus or proximate values."
cautious_enable_only,medium,Gemon,Gemon Dog Puppy & Junior Chicken & Rice 20kg,dog,dry,puppy,needs_review,retailer,gemon-dog-puppy-and-junior-chicken-and-rice-dog-dry-gr-gatoskilo,high,96,,kcal_per_100g|moisture_percent,puppy,Uses estimated calories for a sensitive recommendation context.,Prefer official kcal before strong recommendation or portion guidance.
review_before_enable,medium,GranataPet,GranataPet DeliCatessen Adult Coney & Lamb 1.8kg,cat,dry,adult,needs_review,retailer,granatapet-delicatessen-adult-coney-and-lamb-cat-dry-gr-gatoskilo,high,64,,kcal_per_100g|moisture_percent,,Nutrient gap score is high even without core blockers.,Review gap report and source notes before enabling.
review_before_enable,medium,GranataPet,GranataPet DeliCatessen Adult Venison & Chicken 9kg,cat,dry,adult,needs_review,retailer,granatapet-delicatessen-adult-venison-and-chicken-cat-dry-gr-gatoskilo,high,64,,kcal_per_100g|moisture_percent,,Nutrient gap score is high even without core blockers.,Review gap report and source notes before enabling.
cautious_enable_only,medium,GranataPet,GranataPet DeliCatessen Kitten Poultry 300gr,cat,dry,kitten,needs_review,retailer,granatapet-delicatessen-kitten-poultry-cat-dry-gr-gatoskilo,high,96,,kcal_per_100g|moisture_percent,kitten,Uses estimated calories for a sensitive recommendation context.,Prefer official kcal before strong recommendation or portion guidance.
hold_until_backfill,medium,Greca Cat,Greca Cat Adult Mix 20kg,cat,dry,adult,needs_review,retailer,greca-cat-adult-mix-cat-dry-gr-gatoskilo,high,88,calcium_percent|phosphorus_percent,kcal_per_100g,,Core blocker nutrients are missing.,"Backfill missing kcal, calcium, phosphorus or proximate values."
cautious_enable_only,medium,Happy Cat,Happy Cat Minkas Hairball Control 10kg,cat,dry,kitten,needs_review,retailer,happy-cat-minkas-hairball-control-cat-dry-gr-gatoskilo,high,80,,kcal_per_100g|moisture_percent,kitten,Uses estimated calories for a sensitive recommendation context.,Prefer official kcal before strong recommendation or portion guidance.
cautious_enable_only,medium,Happy Cat,Happy Cat Minkas Kitten Care 1.5kg,cat,dry,kitten,needs_review,retailer,happy-cat-minkas-kitten-care-cat-dry-gr-gatoskilo,high,88,,kcal_per_100g|moisture_percent,kitten,Uses estimated calories for a sensitive recommendation context.,Prefer official kcal before strong recommendation or portion guidance.
cautious_enable_only,medium,Happy Cat,Happy Cat Minkas Urinary Care 1.5kg,cat,dry,,needs_review,retailer,happy-cat-minkas-urinary-care-cat-dry-gr-gatoskilo,high,76,,kcal_per_100g|moisture_percent,urinary,Uses estimated calories for a sensitive recommendation context.,Prefer official kcal before strong recommendation or portion guidance.
cautious_enable_only,medium,Happy Cat,Happy Cat Supreme Adult Light 10kg,cat,dry,adult,needs_review,retailer,happy-cat-supreme-adult-light-cat-dry-gr-gatoskilo,high,64,,kcal_per_100g|moisture_percent,weight_control,Uses estimated calories for a sensitive recommendation context.,Prefer official kcal before strong recommendation or portion guidance.
review_before_enable,medium,Happy Cat,Happy Cat Supreme Junior 10kg,cat,dry,kitten,needs_review,retailer,happy-cat-supreme-junior-cat-dry-gr-gatoskilo,high,68,,,kitten,Nutrient gap score is high even without core blockers.,Review gap report and source notes before enabling.
cautious_enable_only,medium,Happy Cat,Happy Cat Vet Diet Intestinal 4kg,cat,dry,,needs_review,retailer,happy-cat-vet-diet-intestinal-cat-dry-gr-gatoskilo,medium,56,,kcal_per_100g|moisture_percent,,Uses estimated calories for a sensitive recommendation context.,Prefer official kcal before strong recommendation or portion guidance.
cautious_enable_only,medium,Happy Cat,Happy Cat Vet Diet Renal 1kg,cat,dry,,needs_review,retailer,happy-cat-vet-diet-renal-cat-dry-gr-gatoskilo,high,104,,kcal_per_100g|moisture_percent,renal,Uses estimated calories for a sensitive recommendation context.,Prefer official kcal before strong recommendation or portion guidance.
cautious_enable_only,medium,Happy Dog,Happy Dog Fit & Vital Junior 10kg,dog,dry,puppy,needs_review,retailer,happy-dog-fit-and-vital-junior-dog-dry-gr-gatoskilo,high,84,,kcal_per_100g|moisture_percent,puppy,Uses estimated calories for a sensitive recommendation context.,Prefer official kcal before strong recommendation or portion guidance.
cautious_enable_only,medium,Happy Dog,Happy Dog Fit & Vital Light 12kg,dog,dry,,needs_review,retailer,happy-dog-fit-and-vital-light-dog-dry-gr-gatoskilo,medium,56,,kcal_per_100g|moisture_percent,weight_control,Uses estimated calories for a sensitive recommendation context.,Prefer official kcal before strong recommendation or portion guidance.
cautious_enable_only,medium,Happy Dog,Happy Dog Fit & Vital Mini Senior 4kg,dog,dry,senior,needs_review,retailer,happy-dog-fit-and-vital-mini-senior-dog-dry-gr-gatoskilo,high,112,,kcal_per_100g|moisture_percent,senior,Uses estimated calories for a sensitive recommendation context.,Prefer official kcal before strong recommendation or portion guidance.
cautious_enable_only,medium,Happy Dog,Happy Dog NaturCroq Senior 11kg,dog,dry,senior,needs_review,retailer,happy-dog-naturcroq-senior-dog-dry-gr-gatoskilo,high,112,,kcal_per_100g|moisture_percent,senior,Uses estimated calories for a sensitive recommendation context.,Prefer official kcal before strong recommendation or portion guidance.
review_before_enable,medium,Happy Dog,Happy Dog Profi Basic 23/9.5 20kg,dog,dry,,needs_review,retailer,happy-dog-profi-basic-23-9-5-dog-dry-gr-gatoskilo,high,60,,kcal_per_100g|moisture_percent,,Nutrient gap score is high even without core blockers.,Review gap report and source notes before enabling.
cautious_enable_only,medium,Happy Dog,Happy Dog Senior 12kg,dog,dry,senior,needs_review,retailer,happy-dog-senior-dog-dry-gr-gatoskilo,high,112,,kcal_per_100g|moisture_percent,senior,Uses estimated calories for a sensitive recommendation context.,Prefer official kcal before strong recommendation or portion guidance.
review_before_enable,medium,Harper & Bone,Harper & Bone Adult Medium/Large Ocean Wonders 2kg,dog,dry,senior,needs_review,retailer,harper-and-bone-adult-medium-large-ocean-wonders-dog-dry-gr-gatoskilo,high,96,,,senior,Nutrient gap score is high even without core blockers.,Review gap report and source notes before enabling.
review_before_enable,medium,Harper & Bone,Harper & Bone Adult Medium/Large Wild Mountain 2kg,dog,dry,senior,needs_review,retailer,harper-and-bone-adult-medium-large-wild-mountain-dog-dry-gr-gatoskilo,high,96,,,senior,Nutrient gap score is high even without core blockers.,Review gap report and source notes before enabling.
review_before_enable,medium,Harper & Bone,Harper & Bone Adult Mini Ocean Wonders 2kg,dog,dry,senior,needs_review,retailer,harper-and-bone-adult-mini-ocean-wonders-dog-dry-gr-gatoskilo,high,96,,,senior,Nutrient gap score is high even without core blockers.,Review gap report and source notes before enabling.
review_before_enable,medium,Harper & Bone,Harper & Bone Adult Mini Wild Mountain 2kg,dog,dry,senior,needs_review,retailer,harper-and-bone-adult-mini-wild-mountain-dog-dry-gr-gatoskilo,high,96,,,senior,Nutrient gap score is high even without core blockers.,Review gap report and source notes before enabling.
review_before_enable,medium,Harper & Bone,Harper & Bone Cat Senior Sterilised Flavours Farm 2kg,cat,dry,senior,needs_review,retailer,harper-and-bone-cat-senior-sterilised-flavours-farm-cat-dry-gr-gatoskilo,high,64,,,senior,Nutrient gap score is high even without core blockers.,Review gap report and source notes before enabling.
review_before_enable,medium,Harper & Bone,Harper & Bone Senior Light Flavours Farm 12kg,dog,dry,senior,needs_review,retailer,harper-and-bone-senior-light-flavours-farm-dog-dry-gr-gatoskilo,high,96,,,weight_control|senior,Nutrient gap score is high even without core blockers.,Review gap report and source notes before enabling.
review_before_enable,medium,Hi,Hi Dog Puppy Fresh Salmon 10kg,dog,dry,puppy,needs_review,retailer,hi-dog-puppy-fresh-salmon-dog-dry-gr-gatoskilo,high,68,,,puppy,Nutrient gap score is high even without core blockers.,Review gap report and source notes before enabling.
cautious_enable_only,medium,Hill's Prescription Diet,Hill's Prescription Diet Canine c/d Multicare Urinary Care - Chicken,dog,dry,adult,needs_review,retailer,hill-s-prescription-diet-canine-c-d-multicare-urinary-care-chicken-dog-dry-eu-retailer,high,100,,kcal_per_100g,urinary,Uses estimated calories for a sensitive recommendation context.,Prefer official kcal before strong recommendation or portion guidance.
cautious_enable_only,medium,Hill's Prescription Diet,Hill's Prescription Diet Canine i/d Digestive Care - Chicken,dog,dry,adult,needs_review,retailer,hill-s-prescription-diet-canine-i-d-digestive-care-chicken-dog-dry-eu-retailer,high,76,,kcal_per_100g,gi_support,Uses estimated calories for a sensitive recommendation context.,Prefer official kcal before strong recommendation or portion guidance.
cautious_enable_only,medium,Hill's Prescription Diet,Hill's Prescription Diet Canine i/d Low Fat Digestive Care - Chicken,dog,dry,adult,needs_review,retailer,hill-s-prescription-diet-canine-i-d-low-fat-digestive-care-chicken-dog-dry-eu-retailer,high,76,,kcal_per_100g,gi_support,Uses estimated calories for a sensitive recommendation context.,Prefer official kcal before strong recommendation or portion guidance.
cautious_enable_only,medium,Hill's Prescription Diet,Hill's Prescription Diet Canine Metabolic Weight Management - Chicken,dog,dry,adult,needs_review,retailer,hill-s-prescription-diet-canine-metabolic-weight-management-chicken-dog-dry-eu-retailer,high,64,,kcal_per_100g,weight_control,Uses estimated calories for a sensitive recommendation context.,Prefer official kcal before strong recommendation or portion guidance.
cautious_enable_only,medium,Hill's Prescription Diet,Hill's Prescription Diet Canine Metabolic+Mobility Weight+Joint Care Chicken,dog,dry,adult,needs_review,retailer,hill-s-prescription-diet-canine-metabolic-mobility-weight-joint-care-chicken-dog-dry-eu-retailer,high,64,,kcal_per_100g,weight_control,Uses estimated calories for a sensitive recommendation context.,Prefer official kcal before strong recommendation or portion guidance.
cautious_enable_only,medium,Hill's Prescription Diet,Hill's Prescription Diet Gastrointestinal Biome with Chicken,dog,dry,adult,needs_review,retailer,hill-s-prescription-diet-gastrointestinal-biome-with-chicken-dog-dry-eu-retailer,high,76,,kcal_per_100g,gi_support,Uses estimated calories for a sensitive recommendation context.,Prefer official kcal before strong recommendation or portion guidance.
cautious_enable_only,medium,Hills,Hill's PD Canine Mini Gastrointestinal Biome με Κοτόπουλο 1kg,dog,dry,,needs_review,retailer,hills-hill-s-pd-canine-mini-gastrointestinal-biome-με-κοτοπουλο-dog-dry-gr-gatoskilo,medium,56,,kcal_per_100g|moisture_percent,,Uses estimated calories for a sensitive recommendation context.,Prefer official kcal before strong recommendation or portion guidance.
cautious_enable_only,medium,Hills,Hill's PD Canine u/d Urinary Care 10kg,dog,dry,,needs_review,retailer,hills-hill-s-pd-canine-u-d-urinary-care-dog-dry-gr-gatoskilo,high,76,,kcal_per_100g|moisture_percent,urinary,Uses estimated calories for a sensitive recommendation context.,Prefer official kcal before strong recommendation or portion guidance.
review_before_enable,medium,Hills,Hill's PD Feline c/d Metabolic Urinary Stress 1.5kg,cat,dry,,needs_review,retailer,hills-hill-s-pd-feline-c-d-metabolic-urinary-stress-cat-dry-gr-gatoskilo,high,60,,,urinary,Nutrient gap score is high even without core blockers.,Review gap report and source notes before enabling.
cautious_enable_only,medium,Hills,Hill's PD Feline c/d Multicare Urinary Care με Κοτόπουλο 3kg,cat,dry,,needs_review,retailer,hills-hill-s-pd-feline-c-d-multicare-urinary-care-με-κοτοπουλο-cat-dry-gr-gatoskilo,high,76,,kcal_per_100g|moisture_percent,urinary,Uses estimated calories for a sensitive recommendation context.,Prefer official kcal before strong recommendation or portion guidance.
cautious_enable_only,medium,Hills,Hill's PD Feline c/d Stress Urinary Care 3kg,cat,dry,,needs_review,retailer,hills-hill-s-pd-feline-c-d-stress-urinary-care-cat-dry-gr-gatoskilo,high,76,,kcal_per_100g|moisture_percent,urinary,Uses estimated calories for a sensitive recommendation context.,Prefer official kcal before strong recommendation or portion guidance.
cautious_enable_only,medium,Hills,Hill's PD Feline Gastrointestinal Biome με Κοτόπουλο 1.5kg,cat,dry,,needs_review,retailer,hills-hill-s-pd-feline-gastrointestinal-biome-με-κοτοπουλο-cat-dry-gr-gatoskilo,medium,56,,kcal_per_100g|moisture_percent,,Uses estimated calories for a sensitive recommendation context.,Prefer official kcal before strong recommendation or portion guidance.
cautious_enable_only,medium,Hills,Hill's PD Puppy i/d Digestive Care Active Biome+ με Κοτόπουλο 1.5kg,dog,dry,puppy,needs_review,retailer,hills-hill-s-pd-puppy-i-d-digestive-care-active-biome-με-κοτοπουλο-dog-dry-gr-gatoskilo,high,88,,kcal_per_100g|moisture_percent,puppy,Uses estimated calories for a sensitive recommendation context.,Prefer official kcal before strong recommendation or portion guidance.
cautious_enable_only,medium,Hills,Hill's SP Adult Hypoallergenic Medium Salmon 12kg,dog,dry,adult,needs_review,retailer,hills-hill-s-sp-adult-hypoallergenic-medium-salmon-dog-dry-gr-gatoskilo,medium,56,,kcal_per_100g|moisture_percent,,Uses estimated calories for a sensitive recommendation context.,Prefer official kcal before strong recommendation or portion guidance.
review_before_enable,medium,Hills,Hill's SP Adult Light Κοτόπουλο 1.5kg,cat,dry,adult,needs_review,retailer,hills-hill-s-sp-adult-light-κοτοπουλο-cat-dry-gr-gatoskilo,high,64,,,weight_control,Nutrient gap score is high even without core blockers.,Review gap report and source notes before enabling.
review_before_enable,medium,Hills,Hill's SP Adult Perfect Weight Κοτόπουλο 1.5kg,cat,dry,adult,needs_review,retailer,hills-hill-s-sp-adult-perfect-weight-κοτοπουλο-cat-dry-gr-gatoskilo,high,68,,,weight_control,Nutrient gap score is high even without core blockers.,Review gap report and source notes before enabling.
review_before_enable,medium,Hills,Hill's SP Adult Perfect Weight Large Breed Κοτόπουλο 12kg,dog,dry,adult,needs_review,retailer,hills-hill-s-sp-adult-perfect-weight-large-breed-κοτοπουλο-dog-dry-gr-gatoskilo,high,64,,,weight_control,Nutrient gap score is high even without core blockers.,Review gap report and source notes before enabling.
cautious_enable_only,medium,Hills,Hill's SP Adult Small & Mini Αρνί & Ρύζι 6kg,dog,dry,adult,needs_review,retailer,hills-hill-s-sp-adult-small-and-mini-αρνι-and-ρυζι-dog-dry-gr-gatoskilo,medium,56,,kcal_per_100g|moisture_percent,,Uses estimated calories for a sensitive recommendation context.,Prefer official kcal before strong recommendation or portion guidance.
cautious_enable_only,medium,Hills,Hill's SP Kitten Κοτόπουλο 3kg,cat,dry,kitten,needs_review,retailer,hills-hill-s-sp-kitten-κοτοπουλο-cat-dry-gr-gatoskilo,high,72,,kcal_per_100g|moisture_percent,kitten,Uses estimated calories for a sensitive recommendation context.,Prefer official kcal before strong recommendation or portion guidance.
review_before_enable,medium,Hills,Hill's SP Kitten Τόνος 1.5kg,cat,dry,kitten,needs_review,retailer,hills-hill-s-sp-kitten-τονοσ-cat-dry-gr-gatoskilo,high,72,,,kitten,Nutrient gap score is high even without core blockers.,Review gap report and source notes before enabling.
review_before_enable,medium,Hills,Hill's SP Puppy Large Breed Κοτόπουλο 2.5kg,dog,dry,puppy,needs_review,retailer,hills-hill-s-sp-puppy-large-breed-κοτοπουλο-dog-dry-gr-gatoskilo,high,80,,,puppy,Nutrient gap score is high even without core blockers.,Review gap report and source notes before enabling.
review_before_enable,medium,Hills,Hill's SP Puppy Medium Αρνί & Ρύζι 14kg,dog,dry,puppy,needs_review,retailer,hills-hill-s-sp-puppy-medium-αρνι-and-ρυζι-dog-dry-gr-gatoskilo,high,80,,,puppy,Nutrient gap score is high even without core blockers.,Review gap report and source notes before enabling.
review_before_enable,medium,Josera,Josera BALANCE,dog,dry,senior,needs_review,official,josera-balance-dog-dry-eu-official,high,82,,,senior,Nutrient gap score is high even without core blockers.,Review gap report and source notes before enabling.
review_before_enable,medium,Josera,Josera CHICKEN & RICE,dog,dry,senior,needs_review,official,josera-chicken-rice-dog-dry-eu-official,high,78,,,senior,Nutrient gap score is high even without core blockers.,Review gap report and source notes before enabling.
hold_until_backfill,medium,Josera,Josera Culinesse Adult 2kg,cat,dry,adult,needs_review,retailer,josera-culinesse-adult-cat-dry-gr-gatoskilo,high,74,calcium_percent,kcal_per_100g|moisture_percent,,Core blocker nutrients are missing.,"Backfill missing kcal, calcium, phosphorus or proximate values."
hold_until_backfill,medium,Josera,Josera DailyCat Adult Grain Free 2kg,cat,dry,adult,needs_review,retailer,josera-dailycat-adult-grain-free-cat-dry-gr-gatoskilo,high,78,calcium_percent,kcal_per_100g|moisture_percent,,Core blocker nutrients are missing.,"Backfill missing kcal, calcium, phosphorus or proximate values."
hold_until_backfill,medium,Josera,Josera DENTIES WITH DUCK & CARROT,dog,dry,adult,needs_review,official,josera-denties-with-duck-carrot-dog-dry-eu-official,high,78,calcium_percent|phosphorus_percent,,,Core blocker nutrients are missing.,"Backfill missing kcal, calcium, phosphorus or proximate values."
hold_until_backfill,medium,Josera,Josera DENTIES WITH POULTRY & BLUEBERRY,dog,dry,adult,needs_review,official,josera-denties-with-poultry-blueberry-dog-dry-eu-official,high,78,calcium_percent|phosphorus_percent,,,Core blocker nutrients are missing.,"Backfill missing kcal, calcium, phosphorus or proximate values."
hold_until_backfill,medium,Josera,Josera DENTIES WITH TURKEY & APPLE,dog,dry,adult,needs_review,official,josera-denties-with-turkey-apple-dog-dry-eu-official,high,78,calcium_percent|phosphorus_percent,,,Core blocker nutrients are missing.,"Backfill missing kcal, calcium, phosphorus or proximate values."
review_before_enable,medium,Josera,Josera DUCK & POTATO,dog,dry,puppy,needs_review,official,josera-duck-potato-dog-dry-eu-official,high,70,,,puppy,Nutrient gap score is high even without core blockers.,Review gap report and source notes before enabling.
cautious_enable_only,medium,Josera,Josera Help Cat Gastrointestinal 2kg,cat,dry,senior,needs_review,retailer,josera-help-cat-gastrointestinal-cat-dry-gr-gatoskilo,high,116,,kcal_per_100g|moisture_percent,senior,Uses estimated calories for a sensitive recommendation context.,Prefer official kcal before strong recommendation or portion guidance.
cautious_enable_only,medium,Josera,Josera Help Cat Hypoallergenic 10kg,cat,dry,senior,needs_review,retailer,josera-help-cat-hypoallergenic-cat-dry-gr-gatoskilo,high,116,,kcal_per_100g|moisture_percent,senior,Uses estimated calories for a sensitive recommendation context.,Prefer official kcal before strong recommendation or portion guidance.
cautious_enable_only,medium,Josera,Josera Help Cat Renal 2kg,cat,dry,senior,needs_review,retailer,josera-help-cat-renal-cat-dry-gr-gatoskilo,high,116,,kcal_per_100g|moisture_percent,renal|senior,Uses estimated calories for a sensitive recommendation context.,Prefer official kcal before strong recommendation or portion guidance.
cautious_enable_only,medium,Josera,Josera Help Cat Urinary 10kg,cat,dry,senior,needs_review,retailer,josera-help-cat-urinary-cat-dry-gr-gatoskilo,high,128,,kcal_per_100g|moisture_percent,urinary|senior,Uses estimated calories for a sensitive recommendation context.,Prefer official kcal before strong recommendation or portion guidance.
cautious_enable_only,medium,Josera,Josera Help Cat Weight & Diabetic 2kg,cat,dry,,needs_review,retailer,josera-help-cat-weight-and-diabetic-cat-dry-gr-gatoskilo,high,68,,kcal_per_100g|moisture_percent,weight_control,Uses estimated calories for a sensitive recommendation context.,Prefer official kcal before strong recommendation or portion guidance.
review_before_enable,medium,Josera,Josera HYPOALLERGENIC,dog,dry,senior,needs_review,official,josera-hypoallergenic-dog-dry-eu-official,high,78,,,allergy|senior,Nutrient gap score is high even without core blockers.,Review gap report and source notes before enabling.
hold_until_backfill,medium,Josera,Josera Indoor Grain Free Sterilised 10kg,cat,dry,,needs_review,retailer,josera-indoor-grain-free-sterilised-cat-dry-gr-gatoskilo,high,78,calcium_percent,kcal_per_100g|moisture_percent,,Core blocker nutrients are missing.,"Backfill missing kcal, calcium, phosphorus or proximate values."
hold_until_backfill,medium,Josera,Josera JosiCat Classic Sterilised 1.9kg,cat,dry,,needs_review,retailer,josera-josicat-classic-sterilised-cat-dry-gr-gatoskilo,high,78,calcium_percent,kcal_per_100g|moisture_percent,,Core blocker nutrients are missing.,"Backfill missing kcal, calcium, phosphorus or proximate values."
hold_until_backfill,medium,Josera,Josera JosiCat Crunchy Chicken 1.9kg,cat,dry,,needs_review,retailer,josera-josicat-crunchy-chicken-cat-dry-gr-gatoskilo,high,82,calcium_percent,kcal_per_100g|moisture_percent,,Core blocker nutrients are missing.,"Backfill missing kcal, calcium, phosphorus or proximate values."
review_before_enable,medium,Josera,Josera JosiDog Active Adult 15kg,dog,dry,adult,needs_review,retailer,josera-josidog-active-adult-dog-dry-gr-gatoskilo,high,60,,kcal_per_100g|moisture_percent,,Nutrient gap score is high even without core blockers.,Review gap report and source notes before enabling.
review_before_enable,medium,Josera,Josera JosiDog Regular Adult 2.7kg,dog,dry,adult,needs_review,retailer,josera-josidog-regular-adult-dog-dry-gr-gatoskilo,high,60,,kcal_per_100g|moisture_percent,,Nutrient gap score is high even without core blockers.,Review gap report and source notes before enabling.
review_before_enable,medium,Josera,Josera JUNIOR DUCK & POTATO,dog,dry,puppy,needs_review,official,josera-junior-duck-potato-dog-dry-eu-official,high,66,,,puppy,Nutrient gap score is high even without core blockers.,Review gap report and source notes before enabling.
review_before_enable,medium,Josera,Josera JUNIOR HIGH PROTEIN SEA FISH,dog,dry,puppy,needs_review,official,josera-junior-high-protein-sea-fish-dog-dry-eu-official,high,66,,,puppy,Nutrient gap score is high even without core blockers.,Review gap report and source notes before enabling.
review_before_enable,medium,Josera,Josera KIDS,dog,dry,puppy,needs_review,official,josera-kids-dog-dry-eu-official,high,66,,,puppy,Nutrient gap score is high even without core blockers.,Review gap report and source notes before enabling.
review_before_enable,medium,Josera,Josera Kitten Grain Free 2kg,cat,dry,kitten,needs_review,retailer,josera-kitten-grain-free-cat-dry-gr-gatoskilo,high,72,,,kitten,Nutrient gap score is high even without core blockers.,Review gap report and source notes before enabling.
review_before_enable,medium,Josera,Josera LAMB & RICE,dog,dry,senior,needs_review,official,josera-lamb-rice-dog-dry-eu-official,high,78,,,senior,Nutrient gap score is high even without core blockers.,Review gap report and source notes before enabling.
hold_until_backfill,medium,Josera,Josera Lamb & Rice Adult 12.5kg,dog,dry,adult,needs_review,retailer,josera-lamb-and-rice-adult-dog-dry-gr-gatoskilo,high,74,calcium_percent,kcal_per_100g|moisture_percent,,Core blocker nutrients are missing.,"Backfill missing kcal, calcium, phosphorus or proximate values."
review_before_enable,medium,Josera,Josera LIGHT & VITAL,dog,dry,senior,needs_review,official,josera-light-vital-dog-dry-eu-official,high,82,,,weight_control|senior,Nutrient gap score is high even without core blockers.,Review gap report and source notes before enabling.
hold_until_backfill,medium,Josera,Josera MEAT BARS BEEF,dog,dry,adult,needs_review,official,josera-meat-bars-beef-dog-dry-eu-official,high,78,calcium_percent|phosphorus_percent,,,Core blocker nutrients are missing.,"Backfill missing kcal, calcium, phosphorus or proximate values."
hold_until_backfill,medium,Josera,Josera MEAT BARS CHICKEN,dog,dry,adult,needs_review,official,josera-meat-bars-chicken-dog-dry-eu-official,high,78,calcium_percent|phosphorus_percent,,,Core blocker nutrients are missing.,"Backfill missing kcal, calcium, phosphorus or proximate values."
hold_until_backfill,medium,Josera,Josera MEAT BARS TURKEY,dog,dry,adult,needs_review,official,josera-meat-bars-turkey-dog-dry-eu-official,high,78,calcium_percent|phosphorus_percent,,,Core blocker nutrients are missing.,"Backfill missing kcal, calcium, phosphorus or proximate values."
hold_until_backfill,medium,Josera,Josera MEAT BITES MINI BEEF,dog,dry,adult,needs_review,official,josera-meat-bites-mini-beef-dog-dry-eu-official,high,78,calcium_percent|phosphorus_percent,,,Core blocker nutrients are missing.,"Backfill missing kcal, calcium, phosphorus or proximate values."
hold_until_backfill,medium,Josera,Josera MEAT BITES MINI CHICKEN,dog,dry,adult,needs_review,official,josera-meat-bites-mini-chicken-dog-dry-eu-official,high,78,calcium_percent|phosphorus_percent,,,Core blocker nutrients are missing.,"Backfill missing kcal, calcium, phosphorus or proximate values."
hold_until_backfill,medium,Josera,Josera MEAT BITES MINI TURKEY,dog,dry,adult,needs_review,official,josera-meat-bites-mini-turkey-dog-dry-eu-official,high,78,calcium_percent|phosphorus_percent,,,Core blocker nutrients are missing.,"Backfill missing kcal, calcium, phosphorus or proximate values."
hold_until_backfill,medium,Josera,Josera MEAT CHUNKS BEEF,dog,dry,adult,needs_review,official,josera-meat-chunks-beef-dog-dry-eu-official,high,78,calcium_percent|phosphorus_percent,,,Core blocker nutrients are missing.,"Backfill missing kcal, calcium, phosphorus or proximate values."
hold_until_backfill,medium,Josera,Josera MEAT CHUNKS CHICKEN,dog,dry,adult,needs_review,official,josera-meat-chunks-chicken-dog-dry-eu-official,high,78,calcium_percent|phosphorus_percent,,,Core blocker nutrients are missing.,"Backfill missing kcal, calcium, phosphorus or proximate values."
hold_until_backfill,medium,Josera,Josera MEAT CHUNKS TURKEY,dog,dry,adult,needs_review,official,josera-meat-chunks-turkey-dog-dry-eu-official,high,78,calcium_percent|phosphorus_percent,,,Core blocker nutrients are missing.,"Backfill missing kcal, calcium, phosphorus or proximate values."
hold_until_backfill,medium,Josera,Josera MEAT HEARTS BEEF,dog,dry,adult,needs_review,official,josera-meat-hearts-beef-dog-dry-eu-official,high,78,calcium_percent|phosphorus_percent,,,Core blocker nutrients are missing.,"Backfill missing kcal, calcium, phosphorus or proximate values."
hold_until_backfill,medium,Josera,Josera MEAT HEARTS CHICKEN,dog,dry,adult,needs_review,official,josera-meat-hearts-chicken-dog-dry-eu-official,high,78,calcium_percent|phosphorus_percent,,,Core blocker nutrients are missing.,"Backfill missing kcal, calcium, phosphorus or proximate values."
review_before_enable,medium,Josera,Josera MEAT LOVERS JUNIOR CHICKEN WITH POTATO,dog,dry,puppy,needs_review,official,josera-meat-lovers-junior-chicken-with-potato-dog-dry-eu-official,high,70,,,puppy,Nutrient gap score is high even without core blockers.,Review gap report and source notes before enabling.
review_before_enable,medium,Josera,Josera MEAT LOVERS JUNIOR PURE BEEF,dog,dry,puppy,needs_review,official,josera-meat-lovers-junior-pure-beef-dog-dry-eu-official,high,82,,,renal|puppy,Nutrient gap score is high even without core blockers.,Review gap report and source notes before enabling.
review_before_enable,medium,Josera,Josera MEAT LOVERS MENU BEEF WITH POTATO,dog,dry,adult,needs_review,official,josera-meat-lovers-menu-beef-with-potato-dog-dry-eu-official,high,82,,,renal,Nutrient gap score is high even without core blockers.,Review gap report and source notes before enabling.
review_before_enable,medium,Josera,Josera MEAT LOVERS MENU CHICKEN WITH CARROT,dog,dry,adult,needs_review,official,josera-meat-lovers-menu-chicken-with-carrot-dog-dry-eu-official,high,82,,,renal,Nutrient gap score is high even without core blockers.,Review gap report and source notes before enabling.
review_before_enable,medium,Josera,Josera MEAT LOVERS MENU DUCK WITH PUMPKIN,dog,dry,adult,needs_review,official,josera-meat-lovers-menu-duck-with-pumpkin-dog-dry-eu-official,high,82,,,renal,Nutrient gap score is high even without core blockers.,Review gap report and source notes before enabling.
review_before_enable,medium,Josera,Josera MEAT LOVERS PURE LAMB,dog,dry,senior,needs_review,official,josera-meat-lovers-pure-lamb-dog-dry-eu-official,high,82,,,senior,Nutrient gap score is high even without core blockers.,Review gap report and source notes before enabling.
hold_until_backfill,medium,Josera,Josera Medi/Maxi Adult Chicken & Rice 12.5kg,dog,dry,adult,needs_review,retailer,josera-medi-maxi-adult-chicken-and-rice-dog-dry-gr-gatoskilo,high,74,calcium_percent,kcal_per_100g|moisture_percent,,Core blocker nutrients are missing.,"Backfill missing kcal, calcium, phosphorus or proximate values."
review_before_enable,medium,Josera,Josera MEDI/MAXI CHICKEN & SWEET POTATO,dog,dry,senior,needs_review,official,josera-medi-maxi-chicken-sweet-potato-dog-dry-eu-official,high,82,,,senior,Nutrient gap score is high even without core blockers.,Review gap report and source notes before enabling.
hold_until_backfill,medium,Josera,Josera Mini Adult Lamb 10kg,dog,dry,adult,needs_review,retailer,josera-mini-adult-lamb-dog-dry-gr-gatoskilo,high,74,calcium_percent,kcal_per_100g|moisture_percent,,Core blocker nutrients are missing.,"Backfill missing kcal, calcium, phosphorus or proximate values."
review_before_enable,medium,Josera,Josera MINI JUNIOR DUCK & SALMON,dog,dry,puppy,needs_review,official,josera-mini-junior-duck-salmon-dog-dry-eu-official,high,70,,,puppy,Nutrient gap score is high even without core blockers.,Review gap report and source notes before enabling.
review_before_enable,medium,Josera,Josera MINI SENIOR CHICKEN & RICE,dog,dry,senior,needs_review,official,josera-mini-senior-chicken-rice-dog-dry-eu-official,high,78,,,senior,Nutrient gap score is high even without core blockers.,Review gap report and source notes before enabling.
review_before_enable,medium,Josera,Josera MINI SENIOR SALMON,dog,dry,senior,needs_review,official,josera-mini-senior-salmon-dog-dry-eu-official,high,82,,,senior,Nutrient gap score is high even without core blockers.,Review gap report and source notes before enabling.
review_before_enable,medium,Josera,Josera MOTHER&PUPPY SALMON & RICE,dog,dry,puppy,needs_review,official,josera-mother-puppy-salmon-rice-dog-dry-eu-official,high,66,,,puppy,Nutrient gap score is high even without core blockers.,Review gap report and source notes before enabling.
hold_until_backfill,medium,Josera,Josera NatureCat Grain Free Adult 10kg,cat,dry,adult,needs_review,retailer,josera-naturecat-grain-free-adult-cat-dry-gr-gatoskilo,high,78,calcium_percent,kcal_per_100g|moisture_percent,,Core blocker nutrients are missing.,"Backfill missing kcal, calcium, phosphorus or proximate values."
hold_until_backfill,medium,Josera,Josera Poultry Menu 900gr,dog,dry,,needs_review,retailer,josera-poultry-menu-dog-dry-gr-gatoskilo,high,74,calcium_percent,kcal_per_100g|moisture_percent,,Core blocker nutrients are missing.,"Backfill missing kcal, calcium, phosphorus or proximate values."
review_before_enable,medium,Josera,Josera RENAL DOG DRY,dog,dry,adult,needs_review,official,josera-renal-dog-dry-dog-dry-eu-official,high,78,,,renal,Nutrient gap score is high even without core blockers.,Review gap report and source notes before enabling.
review_before_enable,medium,Josera,Josera SENIOR SALMON & RICE,dog,dry,senior,needs_review,official,josera-senior-salmon-rice-dog-dry-eu-official,high,78,,,senior,Nutrient gap score is high even without core blockers.,Review gap report and source notes before enabling.
hold_until_backfill,medium,Josera,Josera Sensi Adult 12.5kg,dog,dry,adult,needs_review,retailer,josera-sensi-adult-dog-dry-gr-gatoskilo,high,74,calcium_percent,kcal_per_100g|moisture_percent,,Core blocker nutrients are missing.,"Backfill missing kcal, calcium, phosphorus or proximate values."
hold_until_backfill,medium,Josera,Josera Sensi Plus Adult 900gr,dog,dry,adult,needs_review,retailer,josera-sensi-plus-adult-dog-dry-gr-gatoskilo,high,74,calcium_percent,kcal_per_100g|moisture_percent,,Core blocker nutrients are missing.,"Backfill missing kcal, calcium, phosphorus or proximate values."
review_before_enable,medium,Josera,Josera SENSIADULT,dog,dry,puppy,needs_review,official,josera-sensiadult-dog-dry-eu-official,high,66,,,puppy,Nutrient gap score is high even without core blockers.,Review gap report and source notes before enabling.
hold_until_backfill,medium,Josera,Josera Sensicat Sensitive Adult 2kg,cat,dry,adult,needs_review,retailer,josera-sensicat-sensitive-adult-cat-dry-gr-gatoskilo,high,74,calcium_percent,kcal_per_100g|moisture_percent,,Core blocker nutrients are missing.,"Backfill missing kcal, calcium, phosphorus or proximate values."
review_before_enable,medium,Josera,Josera SENSIJUNIOR,dog,dry,puppy,needs_review,official,josera-sensijunior-dog-dry-eu-official,high,66,,,puppy,Nutrient gap score is high even without core blockers.,Review gap report and source notes before enabling.
review_before_enable,medium,Josera,Josera SENSIPLUS,dog,dry,senior,needs_review,official,josera-sensiplus-dog-dry-eu-official,high,78,,,senior,Nutrient gap score is high even without core blockers.,Review gap report and source notes before enabling.
review_before_enable,medium,Josera,Josera YOUNGSTAR,dog,dry,puppy,needs_review,official,josera-youngstar-dog-dry-eu-official,high,70,,,puppy,Nutrient gap score is high even without core blockers.,Review gap report and source notes before enabling.
hold_until_backfill,medium,JosiDog,JOSIDOG BEEF IN SAUCE,dog,dry,adult,needs_review,official,josidog-beef-in-sauce-dog-dry-eu-official,high,78,calcium_percent|phosphorus_percent,,,Core blocker nutrients are missing.,"Backfill missing kcal, calcium, phosphorus or proximate values."
hold_until_backfill,medium,JosiDog,JOSIDOG BEEF&CARROT IN SAUCE,dog,dry,adult,needs_review,official,josidog-beef-carrot-in-sauce-dog-dry-eu-official,high,78,calcium_percent|phosphorus_percent,,,Core blocker nutrients are missing.,"Backfill missing kcal, calcium, phosphorus or proximate values."
hold_until_backfill,medium,JosiDog,JOSIDOG CHICKEN&CARROT IN SAUCE,dog,dry,adult,needs_review,official,josidog-chicken-carrot-in-sauce-dog-dry-eu-official,high,78,calcium_percent|phosphorus_percent,,,Core blocker nutrients are missing.,"Backfill missing kcal, calcium, phosphorus or proximate values."
review_before_enable,medium,JosiDog,JOSIDOG FAMILY,dog,dry,puppy,needs_review,official,josidog-family-dog-dry-eu-official,high,70,,,puppy,Nutrient gap score is high even without core blockers.,Review gap report and source notes before enabling.
hold_until_backfill,medium,JosiDog,JOSIDOG GAME IN SAUCE,dog,dry,adult,needs_review,official,josidog-game-in-sauce-dog-dry-eu-official,high,78,calcium_percent|phosphorus_percent,,,Core blocker nutrients are missing.,"Backfill missing kcal, calcium, phosphorus or proximate values."
review_before_enable,medium,JosiDog,JOSIDOG JUNIOR,dog,dry,puppy,needs_review,official,josidog-junior-dog-dry-eu-official,high,70,,,puppy,Nutrient gap score is high even without core blockers.,Review gap report and source notes before enabling.
review_before_enable,medium,JosiDog,JOSIDOG JUNIOR SENSITIVE,dog,dry,puppy,needs_review,official,josidog-junior-sensitive-dog-dry-eu-official,high,70,,,puppy,Nutrient gap score is high even without core blockers.,Review gap report and source notes before enabling.
hold_until_backfill,medium,JosiDog,JOSIDOG MEAT STICKS BEEF,dog,dry,adult,needs_review,official,josidog-meat-sticks-beef-dog-dry-eu-official,high,78,calcium_percent|phosphorus_percent,,,Core blocker nutrients are missing.,"Backfill missing kcal, calcium, phosphorus or proximate values."
hold_until_backfill,medium,JosiDog,JOSIDOG MEAT STICKS CHICKEN,dog,dry,adult,needs_review,official,josidog-meat-sticks-chicken-dog-dry-eu-official,high,78,calcium_percent|phosphorus_percent,,,Core blocker nutrients are missing.,"Backfill missing kcal, calcium, phosphorus or proximate values."
hold_until_backfill,medium,JosiDog,JOSIDOG MEAT STICKS LAMB,dog,dry,adult,needs_review,official,josidog-meat-sticks-lamb-dog-dry-eu-official,high,78,calcium_percent|phosphorus_percent,,,Core blocker nutrients are missing.,"Backfill missing kcal, calcium, phosphorus or proximate values."
hold_until_backfill,medium,JosiDog,JOSIDOG MINI BEEF & CHICKEN IN SAUCE,dog,dry,adult,needs_review,official,josidog-mini-beef-chicken-in-sauce-dog-dry-eu-official,high,78,calcium_percent|phosphorus_percent,,,Core blocker nutrients are missing.,"Backfill missing kcal, calcium, phosphorus or proximate values."
hold_until_backfill,medium,JosiDog,JOSIDOG MINI BEEF & LAMB IN SAUCE,dog,dry,adult,needs_review,official,josidog-mini-beef-lamb-in-sauce-dog-dry-eu-official,high,78,calcium_percent|phosphorus_percent,,,Core blocker nutrients are missing.,"Backfill missing kcal, calcium, phosphorus or proximate values."
hold_until_backfill,medium,JosiDog,JOSIDOG MINI BEEF & VEGGIES IN SAUCE,dog,dry,adult,needs_review,official,josidog-mini-beef-veggies-in-sauce-dog-dry-eu-official,high,78,calcium_percent|phosphorus_percent,,,Core blocker nutrients are missing.,"Backfill missing kcal, calcium, phosphorus or proximate values."
hold_until_backfill,medium,JosiDog,JOSIDOG MINI LAMB & CHICKEN IN SAUCE,dog,dry,adult,needs_review,official,josidog-mini-lamb-chicken-in-sauce-dog-dry-eu-official,high,78,calcium_percent|phosphorus_percent,,,Core blocker nutrients are missing.,"Backfill missing kcal, calcium, phosphorus or proximate values."
hold_until_backfill,medium,JosiDog,JOSIDOG MINI TURKEY & CARROT IN SAUCE,dog,dry,adult,needs_review,official,josidog-mini-turkey-carrot-in-sauce-dog-dry-eu-official,high,78,calcium_percent|phosphorus_percent,,,Core blocker nutrients are missing.,"Backfill missing kcal, calcium, phosphorus or proximate values."
review_before_enable,medium,JosiDog,JOSIDOG REGULAR,dog,dry,senior,needs_review,official,josidog-regular-dog-dry-eu-official,high,82,,,senior,Nutrient gap score is high even without core blockers.,Review gap report and source notes before enabling.
review_before_enable,medium,JosiDog,JOSIDOG SENIOR / LIGHT,dog,dry,senior,needs_review,official,josidog-senior-light-dog-dry-eu-official,high,82,,,weight_control|senior,Nutrient gap score is high even without core blockers.,Review gap report and source notes before enabling.
cautious_enable_only,medium,Kudo,Kudo Chicken & Vegetables Junior All Breeds 12kg,dog,dry,puppy,needs_review,retailer,kudo-chicken-and-vegetables-junior-all-breeds-dog-dry-gr-gatoskilo,high,80,,kcal_per_100g,puppy,Uses estimated calories for a sensitive recommendation context.,Prefer official kcal before strong recommendation or portion guidance.
cautious_enable_only,medium,Kudo,Kudo Turkey & Duck Senior/Light All Breeds 12kg,dog,dry,senior,needs_review,retailer,kudo-turkey-and-duck-senior-light-all-breeds-dog-dry-gr-gatoskilo,high,92,,kcal_per_100g,weight_control|senior,Uses estimated calories for a sensitive recommendation context.,Prefer official kcal before strong recommendation or portion guidance.
cautious_enable_only,medium,Leonardo,Leonardo Adult Fresh Beef Grain Free 1.5kg,cat,dry,adult,needs_review,retailer,leonardo-adult-fresh-beef-grain-free-cat-dry-gr-gatoskilo,high,92,,kcal_per_100g,renal,Uses estimated calories for a sensitive recommendation context.,Prefer official kcal before strong recommendation or portion guidance.
cautious_enable_only,medium,Leonardo,Leonardo Kitten 300gr,cat,dry,kitten,needs_review,retailer,leonardo-kitten-cat-dry-gr-gatoskilo,high,76,,kcal_per_100g,kitten,Uses estimated calories for a sensitive recommendation context.,Prefer official kcal before strong recommendation or portion guidance.
cautious_enable_only,medium,Leonardo,Leonardo Light / Sterilised 1.8kg,cat,dry,,needs_review,retailer,leonardo-light-sterilised-cat-dry-gr-gatoskilo,medium,56,,kcal_per_100g,weight_control,Uses estimated calories for a sensitive recommendation context.,Prefer official kcal before strong recommendation or portion guidance.
review_before_enable,medium,Matisse,Matisse Kitten 400gr,cat,dry,kitten,needs_review,retailer,matisse-kitten-cat-dry-gr-gatoskilo,high,76,,,kitten,Nutrient gap score is high even without core blockers.,Review gap report and source notes before enabling.
hold_until_backfill,medium,Meowing Heads,Meowing Heads Paw Lickin Chicken 4kg,cat,dry,,needs_review,retailer,meowing-heads-paw-lickin-chicken-cat-dry-gr-gatoskilo,high,92,calcium_percent|phosphorus_percent,kcal_per_100g|moisture_percent,,Core blocker nutrients are missing.,"Backfill missing kcal, calcium, phosphorus or proximate values."
review_before_enable,medium,Meradog,Meradog Essential Adult Beef 12.5kg,dog,dry,adult,needs_review,retailer,meradog-essential-adult-beef-dog-dry-gr-gatoskilo,high,60,,kcal_per_100g|moisture_percent,,Nutrient gap score is high even without core blockers.,Review gap report and source notes before enabling.
hold_until_backfill,medium,Monge,Monge Cat Adult Salmon Monoprotein 1.5kg,cat,dry,adult,needs_review,retailer,monge-cat-adult-salmon-monoprotein-cat-dry-gr-gatoskilo,high,66,calcium_percent,,,Core blocker nutrients are missing.,"Backfill missing kcal, calcium, phosphorus or proximate values."
hold_until_backfill,medium,Monge,Monge Cat Sterilized Chicken 1.5kg,cat,dry,,needs_review,retailer,monge-cat-sterilized-chicken-cat-dry-gr-gatoskilo,high,58,calcium_percent,,,Core blocker nutrients are missing.,"Backfill missing kcal, calcium, phosphorus or proximate values."
hold_until_backfill,medium,Monge,Monge Cat Sterilized Duck Monoprotein 1.5kg,cat,dry,,needs_review,retailer,monge-cat-sterilized-duck-monoprotein-cat-dry-gr-gatoskilo,high,58,calcium_percent,,,Core blocker nutrients are missing.,"Backfill missing kcal, calcium, phosphorus or proximate values."
review_before_enable,medium,N&D,N&D Low Grain Chicken & Pomegranate Senior Mini 2.5kg,dog,dry,senior,needs_review,retailer,n-and-d-low-grain-chicken-and-pomegranate-senior-mini-dog-dry-gr-gatoskilo,high,68,,,senior,Nutrient gap score is high even without core blockers.,Review gap report and source notes before enabling.
cautious_enable_only,medium,Nature,Nature's Protection Red Coat Salmon Grain Free Junior Mini 10kg,dog,dry,puppy,needs_review,retailer,nature-s-protection-red-coat-salmon-grain-free-junior-mini-dog-dry-gr-gatoskilo,high,84,,kcal_per_100g|moisture_percent,puppy,Uses estimated calories for a sensitive recommendation context.,Prefer official kcal before strong recommendation or portion guidance.
review_before_enable,medium,Naturea,Naturea Elements Puppy Chicken 12kg,dog,dry,puppy,needs_review,retailer,naturea-elements-puppy-chicken-dog-dry-gr-gatoskilo,high,76,,,puppy,Nutrient gap score is high even without core blockers.,Review gap report and source notes before enabling.
review_before_enable,medium,Naturea,Naturea Ethos Atlantica North Atlantic Salmon 10kg,dog,dry,puppy,needs_review,retailer,naturea-ethos-atlantica-north-atlantic-salmon-dog-dry-gr-gatoskilo,high,68,,,puppy,Nutrient gap score is high even without core blockers.,Review gap report and source notes before enabling.
review_before_enable,medium,Naturea,Naturea Ethos Regional Free Range Chicken 10kg,dog,dry,puppy,needs_review,retailer,naturea-ethos-regional-free-range-chicken-dog-dry-gr-gatoskilo,high,68,,,puppy,Nutrient gap score is high even without core blockers.,Review gap report and source notes before enabling.
review_before_enable,medium,Naturea,Naturea Ethos Regional Free Range Chicken Senior 1.6kg,dog,dry,senior,needs_review,retailer,naturea-ethos-regional-free-range-chicken-senior-dog-dry-gr-gatoskilo,high,92,,,senior,Nutrient gap score is high even without core blockers.,Review gap report and source notes before enabling.
review_before_enable,medium,Naturea,Naturea Lands Barong North Atlantic Salmon 1.6kg,cat,dry,kitten,needs_review,retailer,naturea-lands-barong-north-atlantic-salmon-cat-dry-gr-gatoskilo,high,76,,,kitten,Nutrient gap score is high even without core blockers.,Review gap report and source notes before enabling.
review_before_enable,medium,Naturea,Naturea Lands Bastet Free Range Chicken 1.6kg,cat,dry,kitten,needs_review,retailer,naturea-lands-bastet-free-range-chicken-cat-dry-gr-gatoskilo,high,76,,,kitten,Nutrient gap score is high even without core blockers.,Review gap report and source notes before enabling.
review_before_enable,medium,Naturea,Naturea Naturals Acqua Deep Ocean Tuna 12kg,dog,dry,puppy,needs_review,retailer,naturea-naturals-acqua-deep-ocean-tuna-dog-dry-gr-gatoskilo,high,68,,,puppy,Nutrient gap score is high even without core blockers.,Review gap report and source notes before enabling.
review_before_enable,medium,Naturea,Naturea Naturals Acqua Deep Ocean Tuna Small Breed 5.5kg,dog,dry,puppy,needs_review,retailer,naturea-naturals-acqua-deep-ocean-tuna-small-breed-dog-dry-gr-gatoskilo,high,68,,,puppy,Nutrient gap score is high even without core blockers.,Review gap report and source notes before enabling.
review_before_enable,medium,Naturea,Naturea Naturals Mare North Atlantic Salmon 2kg,dog,dry,puppy,needs_review,retailer,naturea-naturals-mare-north-atlantic-salmon-dog-dry-gr-gatoskilo,high,76,,,puppy,Nutrient gap score is high even without core blockers.,Review gap report and source notes before enabling.
cautious_enable_only,medium,Optima Nova,Optima Nova Kitten 2kg,cat,dry,kitten,needs_review,retailer,optima-nova-kitten-cat-dry-gr-gatoskilo,high,76,,kcal_per_100g,kitten,Uses estimated calories for a sensitive recommendation context.,Prefer official kcal before strong recommendation or portion guidance.
review_before_enable,medium,Orijen,Orijen Senior 2kg,dog,dry,senior,needs_review,retailer,orijen-senior-dog-dry-gr-gatoskilo,high,92,,,senior,Nutrient gap score is high even without core blockers.,Review gap report and source notes before enabling.
review_before_enable,medium,Orijen,Orijen Tundra 1.8kg,cat,dry,kitten,needs_review,retailer,orijen-tundra-cat-dry-gr-gatoskilo,high,88,,,renal|kitten,Nutrient gap score is high even without core blockers.,Review gap report and source notes before enabling.
hold_until_backfill,medium,Pedigree,Pedigree Adult Μοσχάρι & Λαχανικά 1.4kg,dog,dry,adult,needs_review,retailer,pedigree-adult-μοσχαρι-and-λαχανικα-dog-dry-gr-gatoskilo,high,100,calcium_percent|phosphorus_percent,kcal_per_100g|moisture_percent,,Core blocker nutrients are missing.,"Backfill missing kcal, calcium, phosphorus or proximate values."
hold_until_backfill,medium,Pedigree,Pedigree Adult Mini Μοσχάρι & Λαχανικά 1.4kg,dog,dry,adult,needs_review,retailer,pedigree-adult-mini-μοσχαρι-and-λαχανικα-dog-dry-gr-gatoskilo,high,100,calcium_percent|phosphorus_percent,kcal_per_100g|moisture_percent,,Core blocker nutrients are missing.,"Backfill missing kcal, calcium, phosphorus or proximate values."
hold_until_backfill,medium,Pedigree,Pedigree Adult Mini Πουλερικά & Λαχανικά 500gr,dog,dry,adult,needs_review,retailer,pedigree-adult-mini-πουλερικα-and-λαχανικα-dog-dry-gr-gatoskilo,high,100,calcium_percent|phosphorus_percent,kcal_per_100g|moisture_percent,,Core blocker nutrients are missing.,"Backfill missing kcal, calcium, phosphorus or proximate values."
cautious_enable_only,medium,Pedigree,Pedigree Junior Πουλερικά & Λαχανικά 2kg,dog,dry,puppy,needs_review,retailer,pedigree-junior-πουλερικα-and-λαχανικα-dog-dry-gr-gatoskilo,high,96,,kcal_per_100g|moisture_percent,puppy,Uses estimated calories for a sensitive recommendation context.,Prefer official kcal before strong recommendation or portion guidance.
cautious_enable_only,medium,Pedigree,Pedigree Junior Mini Πουλερικά & Λαχανικά 500gr,dog,dry,puppy,needs_review,retailer,pedigree-junior-mini-πουλερικα-and-λαχανικα-dog-dry-gr-gatoskilo,high,96,,kcal_per_100g|moisture_percent,puppy,Uses estimated calories for a sensitive recommendation context.,Prefer official kcal before strong recommendation or portion guidance.
hold_until_backfill,medium,ProChoice,ProChoice Pro 33 Adult Sterilised Σολομός & Γαρίδες 15kg,cat,dry,adult,needs_review,retailer,prochoice-pro-33-adult-sterilised-σολομοσ-and-γαριδεσ-cat-dry-gr-gatoskilo,high,62,phosphorus_percent,kcal_per_100g,,Core blocker nutrients are missing.,"Backfill missing kcal, calcium, phosphorus or proximate values."
review_before_enable,medium,Profine,Profine Cat Kitten Chicken & Rice 300gr,cat,dry,kitten,needs_review,retailer,profine-cat-kitten-chicken-and-rice-cat-dry-gr-gatoskilo,high,60,,,kitten,Nutrient gap score is high even without core blockers.,Review gap report and source notes before enabling.
hold_until_backfill,medium,Purina Pro Plan,Purina Pro Plan Delicate Digestion Sterilised Κοτόπουλο 3kg,cat,dry,,needs_review,retailer,purina-pro-plan-delicate-digestion-sterilised-κοτοπουλο-cat-dry-gr-gatoskilo,high,100,calcium_percent|phosphorus_percent,kcal_per_100g|moisture_percent,,Core blocker nutrients are missing.,"Backfill missing kcal, calcium, phosphorus or proximate values."
hold_until_backfill,medium,Purina Pro Plan,Purina Pro Plan Veterinary Diets Cat DM Diabetes Management 1.5kg,cat,dry,,needs_review,retailer,purina-pro-plan-veterinary-diets-cat-dm-diabetes-management-cat-dry-gr-gatoskilo,high,84,calcium_percent|phosphorus_percent,,,Core blocker nutrients are missing.,"Backfill missing kcal, calcium, phosphorus or proximate values."
review_before_enable,medium,Purina Pro Plan,Purina Pro Plan Veterinary Diets Cat UR Urinary 1.5kg,cat,dry,,needs_review,retailer,purina-pro-plan-veterinary-diets-cat-ur-urinary-cat-dry-gr-gatoskilo,high,60,,,urinary,Nutrient gap score is high even without core blockers.,Review gap report and source notes before enabling.
review_before_enable,medium,Purina Pro Plan,Purina Pro Plan Veterinary Diets Cat UR Urinary Ψάρια Ωκεανού 1.5kg,cat,dry,,needs_review,retailer,purina-pro-plan-veterinary-diets-cat-ur-urinary-ψαρια-ωκεανου-cat-dry-gr-gatoskilo,high,60,,,urinary,Nutrient gap score is high even without core blockers.,Review gap report and source notes before enabling.
hold_until_backfill,medium,Reflex,Reflex Adult Cat Multicolour Chicken 15kg,cat,dry,adult,needs_review,retailer,reflex-adult-cat-multicolour-chicken-cat-dry-gr-gatoskilo,high,100,calcium_percent|phosphorus_percent,kcal_per_100g|moisture_percent,,Core blocker nutrients are missing.,"Backfill missing kcal, calcium, phosphorus or proximate values."
hold_until_backfill,medium,Reflex,Reflex Plus Adult Chicken 1.5kg,cat,dry,adult,needs_review,retailer,reflex-plus-adult-chicken-cat-dry-gr-gatoskilo,high,100,calcium_percent|phosphorus_percent,kcal_per_100g|moisture_percent,,Core blocker nutrients are missing.,"Backfill missing kcal, calcium, phosphorus or proximate values."
hold_until_backfill,medium,Reflex,Reflex Plus Adult Choosy Salmon 1.5kg,cat,dry,adult,needs_review,retailer,reflex-plus-adult-choosy-salmon-cat-dry-gr-gatoskilo,high,100,calcium_percent|phosphorus_percent,kcal_per_100g|moisture_percent,,Core blocker nutrients are missing.,"Backfill missing kcal, calcium, phosphorus or proximate values."
hold_until_backfill,medium,Reflex,Reflex Plus Adult Lamb 1.5kg,cat,dry,adult,needs_review,retailer,reflex-plus-adult-lamb-cat-dry-gr-gatoskilo,high,100,calcium_percent|phosphorus_percent,kcal_per_100g|moisture_percent,,Core blocker nutrients are missing.,"Backfill missing kcal, calcium, phosphorus or proximate values."
hold_until_backfill,medium,Reflex,Reflex Plus Adult Salmon 1.5kg,cat,dry,adult,needs_review,retailer,reflex-plus-adult-salmon-cat-dry-gr-gatoskilo,high,100,calcium_percent|phosphorus_percent,kcal_per_100g|moisture_percent,,Core blocker nutrients are missing.,"Backfill missing kcal, calcium, phosphorus or proximate values."
review_before_enable,medium,Reflex,Reflex Plus Adult Sterilised Chicken 1.5kg,cat,dry,adult,needs_review,retailer,reflex-plus-adult-sterilised-chicken-cat-dry-gr-gatoskilo,high,60,,kcal_per_100g|moisture_percent,,Nutrient gap score is high even without core blockers.,Review gap report and source notes before enabling.
hold_until_backfill,medium,Reflex,Reflex Plus Adult Sterilised Salmon 1.5kg,cat,dry,adult,needs_review,retailer,reflex-plus-adult-sterilised-salmon-cat-dry-gr-gatoskilo,high,100,calcium_percent|phosphorus_percent,kcal_per_100g|moisture_percent,,Core blocker nutrients are missing.,"Backfill missing kcal, calcium, phosphorus or proximate values."
cautious_enable_only,medium,Reflex,Reflex Plus Cat Urinary Chicken 1.5kg,cat,dry,,needs_review,retailer,reflex-plus-cat-urinary-chicken-cat-dry-gr-gatoskilo,high,76,,kcal_per_100g|moisture_percent,urinary,Uses estimated calories for a sensitive recommendation context.,Prefer official kcal before strong recommendation or portion guidance.
cautious_enable_only,medium,Reflex,Reflex Plus Maxi Junior Lamb & Rice 18kg,dog,dry,puppy,needs_review,retailer,reflex-plus-maxi-junior-lamb-and-rice-dog-dry-gr-gatoskilo,high,80,,kcal_per_100g,puppy,Uses estimated calories for a sensitive recommendation context.,Prefer official kcal before strong recommendation or portion guidance.
cautious_enable_only,medium,Reflex,Reflex Plus Medium / Large Light & Sterilised Adult Lamb 12kg,dog,dry,adult,needs_review,retailer,reflex-plus-medium-large-light-and-sterilised-adult-lamb-dog-dry-gr-gatoskilo,medium,56,,kcal_per_100g,weight_control,Uses estimated calories for a sensitive recommendation context.,Prefer official kcal before strong recommendation or portion guidance.
hold_until_backfill,medium,Royal Canin,Royal Canin Ageing Sterilised 11+ 400gr,cat,dry,,needs_review,retailer,royal-canin-ageing-sterilised-11-cat-dry-gr-gatoskilo,high,62,calcium_percent,,,Core blocker nutrients are missing.,"Backfill missing kcal, calcium, phosphorus or proximate values."
hold_until_backfill,medium,Royal Canin,Royal Canin Bichon Frise 1.5kg,dog,dry,,needs_review,retailer,royal-canin-bichon-frise-dog-dry-gr-gatoskilo,high,100,calcium_percent|phosphorus_percent,kcal_per_100g|moisture_percent,,Core blocker nutrients are missing.,"Backfill missing kcal, calcium, phosphorus or proximate values."
hold_until_backfill,medium,Royal Canin,Royal Canin Chihuahua Adult,dog,dry,adult,needs_review,official,royal-canin-chihuahua-adult-dog-dry-gr-official,high,78,calcium_percent|phosphorus_percent,,,Core blocker nutrients are missing.,"Backfill missing kcal, calcium, phosphorus or proximate values."
hold_until_backfill,medium,Royal Canin,Royal Canin Dachshund Adult,dog,dry,adult,needs_review,official,royal-canin-dachshund-adult-dog-dry-gr-official,high,78,calcium_percent|phosphorus_percent,,,Core blocker nutrients are missing.,"Backfill missing kcal, calcium, phosphorus or proximate values."
hold_until_backfill,medium,Royal Canin,Royal Canin Fussy 400gr,cat,dry,,needs_review,retailer,royal-canin-fussy-cat-dry-gr-gatoskilo,high,84,calcium_percent|phosphorus_percent,,,Core blocker nutrients are missing.,"Backfill missing kcal, calcium, phosphorus or proximate values."
cautious_enable_only,medium,Royal Canin,Royal Canin German Shepherd Junior 12kg,dog,dry,puppy,needs_review,retailer,royal-canin-german-shepherd-junior-dog-dry-gr-gatoskilo,high,96,,kcal_per_100g|moisture_percent,puppy,Uses estimated calories for a sensitive recommendation context.,Prefer official kcal before strong recommendation or portion guidance.
hold_until_backfill,medium,Royal Canin,Royal Canin Giant Adult 4kg,dog,dry,adult,needs_review,retailer,royal-canin-giant-adult-dog-dry-gr-gatoskilo,high,100,calcium_percent|phosphorus_percent,kcal_per_100g|moisture_percent,,Core blocker nutrients are missing.,"Backfill missing kcal, calcium, phosphorus or proximate values."
review_before_enable,medium,Royal Canin,Royal Canin Giant Junior 15kg,dog,dry,puppy,needs_review,retailer,royal-canin-giant-junior-dog-dry-gr-gatoskilo,high,80,,,puppy,Nutrient gap score is high even without core blockers.,Review gap report and source notes before enabling.
review_before_enable,medium,Royal Canin,Royal Canin Giant Puppy 3.5kg,dog,dry,puppy,needs_review,retailer,royal-canin-giant-puppy-dog-dry-gr-gatoskilo,high,80,,,puppy,Nutrient gap score is high even without core blockers.,Review gap report and source notes before enabling.
cautious_enable_only,medium,Royal Canin,Royal Canin Kitten Sterilised 3.5kg,cat,dry,kitten,needs_review,retailer,royal-canin-kitten-sterilised-cat-dry-gr-gatoskilo,high,96,,kcal_per_100g|moisture_percent,kitten,Uses estimated calories for a sensitive recommendation context.,Prefer official kcal before strong recommendation or portion guidance.
hold_until_backfill,medium,Royal Canin,Royal Canin Labrador Retriever Adult,dog,dry,adult,needs_review,official,royal-canin-labrador-retriever-adult-dog-dry-gr-official,high,82,calcium_percent|phosphorus_percent,,,Core blocker nutrients are missing.,"Backfill missing kcal, calcium, phosphorus or proximate values."
hold_until_backfill,medium,Royal Canin,Royal Canin Maxi Adult 3kg,dog,dry,adult,needs_review,retailer,royal-canin-maxi-adult-dog-dry-gr-gatoskilo,high,100,calcium_percent|phosphorus_percent,kcal_per_100g|moisture_percent,,Core blocker nutrients are missing.,"Backfill missing kcal, calcium, phosphorus or proximate values."
hold_until_backfill,medium,Royal Canin,Royal Canin Maxi Adult 5+ 15kg,dog,dry,adult,needs_review,retailer,royal-canin-maxi-adult-5-dog-dry-gr-gatoskilo,high,100,calcium_percent|phosphorus_percent,kcal_per_100g|moisture_percent,,Core blocker nutrients are missing.,"Backfill missing kcal, calcium, phosphorus or proximate values."
hold_until_backfill,medium,Royal Canin,Royal Canin Medium Adult 3kg,dog,dry,adult,needs_review,retailer,royal-canin-medium-adult-dog-dry-gr-gatoskilo,high,100,calcium_percent|phosphorus_percent,kcal_per_100g|moisture_percent,,Core blocker nutrients are missing.,"Backfill missing kcal, calcium, phosphorus or proximate values."
hold_until_backfill,medium,Royal Canin,Royal Canin Medium Ageing 10+ 3kg,dog,dry,,needs_review,retailer,royal-canin-medium-ageing-10-dog-dry-gr-gatoskilo,high,96,calcium_percent|phosphorus_percent,kcal_per_100g|moisture_percent,,Core blocker nutrients are missing.,"Backfill missing kcal, calcium, phosphorus or proximate values."
hold_until_backfill,medium,Royal Canin,Royal Canin Medium Sterilised Adult 3kg,dog,dry,adult,needs_review,retailer,royal-canin-medium-sterilised-adult-dog-dry-gr-gatoskilo,high,104,calcium_percent|phosphorus_percent,kcal_per_100g|moisture_percent,,Core blocker nutrients are missing.,"Backfill missing kcal, calcium, phosphorus or proximate values."
hold_until_backfill,medium,Royal Canin,Royal Canin Mini Adult Poultry 2kg,dog,dry,adult,needs_review,retailer,royal-canin-mini-adult-poultry-dog-dry-gr-gatoskilo,high,84,calcium_percent|phosphorus_percent,,,Core blocker nutrients are missing.,"Backfill missing kcal, calcium, phosphorus or proximate values."
hold_until_backfill,medium,Royal Canin,Royal Canin Mini Exigent 1kg,dog,dry,,needs_review,retailer,royal-canin-mini-exigent-dog-dry-gr-gatoskilo,high,62,phosphorus_percent,kcal_per_100g,,Core blocker nutrients are missing.,"Backfill missing kcal, calcium, phosphorus or proximate values."
hold_until_backfill,medium,Royal Canin,Royal Canin Poodle Adult,dog,dry,adult,needs_review,official,royal-canin-poodle-adult-dog-dry-gr-official,high,78,calcium_percent|phosphorus_percent,,,Core blocker nutrients are missing.,"Backfill missing kcal, calcium, phosphorus or proximate values."
hold_until_backfill,medium,Royal Canin,Royal Canin Schnauzer Adult 3kg,dog,dry,adult,needs_review,retailer,royal-canin-schnauzer-adult-dog-dry-gr-gatoskilo,high,100,calcium_percent|phosphorus_percent,kcal_per_100g|moisture_percent,,Core blocker nutrients are missing.,"Backfill missing kcal, calcium, phosphorus or proximate values."
hold_until_backfill,medium,Royal Canin,Royal Canin Special Club Performance Adult CC 15kg,dog,dry,adult,needs_review,retailer,royal-canin-special-club-performance-adult-cc-dog-dry-gr-gatoskilo,high,100,calcium_percent|phosphorus_percent,kcal_per_100g|moisture_percent,,Core blocker nutrients are missing.,"Backfill missing kcal, calcium, phosphorus or proximate values."
hold_until_backfill,medium,Royal Canin,Royal Canin Sport Life Trail 4300 15kg,dog,dry,,needs_review,retailer,royal-canin-sport-life-trail-4300-dog-dry-gr-gatoskilo,high,100,calcium_percent|phosphorus_percent,kcal_per_100g|moisture_percent,,Core blocker nutrients are missing.,"Backfill missing kcal, calcium, phosphorus or proximate values."
hold_until_backfill,medium,Royal Canin,Royal Canin Sporting Life Trail 4300,dog,dry,adult,needs_review,official,royal-canin-sporting-life-trail-4300-dog-dry-gr-official,high,82,calcium_percent|phosphorus_percent,,,Core blocker nutrients are missing.,"Backfill missing kcal, calcium, phosphorus or proximate values."
hold_until_backfill,medium,Royal Canin,Royal Canin Vet Diet Cat Anallergenic 2kg,cat,dry,,needs_review,retailer,royal-canin-vet-diet-cat-anallergenic-cat-dry-gr-gatoskilo,high,100,calcium_percent|phosphorus_percent,kcal_per_100g|moisture_percent,,Core blocker nutrients are missing.,"Backfill missing kcal, calcium, phosphorus or proximate values."
cautious_enable_only,medium,Royal Canin,Royal Canin Vet Diet Cat GastroIntestinal Fibre Response 2kg,cat,dry,,needs_review,retailer,royal-canin-vet-diet-cat-gastrointestinal-fibre-response-cat-dry-gr-gatoskilo,medium,44,,kcal_per_100g|moisture_percent,,Uses estimated calories for a sensitive recommendation context.,Prefer official kcal before strong recommendation or portion guidance.
cautious_enable_only,medium,Royal Canin,Royal Canin Vet Diet Cat Renal 2kg,cat,dry,,needs_review,retailer,royal-canin-vet-diet-cat-renal-cat-dry-gr-gatoskilo,high,84,,kcal_per_100g|moisture_percent,renal,Uses estimated calories for a sensitive recommendation context.,Prefer official kcal before strong recommendation or portion guidance.
cautious_enable_only,medium,Royal Canin,Royal Canin Vet Diet Cat Renal Special 2kg,cat,dry,,needs_review,retailer,royal-canin-vet-diet-cat-renal-special-cat-dry-gr-gatoskilo,high,84,,kcal_per_100g|moisture_percent,renal,Uses estimated calories for a sensitive recommendation context.,Prefer official kcal before strong recommendation or portion guidance.
hold_until_backfill,medium,Royal Canin,Royal Canin Vet Diet Cat Sensitivity Control 1.5kg,cat,dry,,needs_review,retailer,royal-canin-vet-diet-cat-sensitivity-control-cat-dry-gr-gatoskilo,high,100,calcium_percent|phosphorus_percent,kcal_per_100g|moisture_percent,,Core blocker nutrients are missing.,"Backfill missing kcal, calcium, phosphorus or proximate values."
cautious_enable_only,medium,Royal Canin,Royal Canin Vet Diet Cat Urinary S/O 1.5kg,cat,dry,,needs_review,retailer,royal-canin-vet-diet-cat-urinary-s-o-cat-dry-gr-gatoskilo,high,72,,kcal_per_100g|moisture_percent,urinary,Uses estimated calories for a sensitive recommendation context.,Prefer official kcal before strong recommendation or portion guidance.
cautious_enable_only,medium,Royal Canin,Royal Canin Vet Diet Cat Urinary S/O Moderate Calorie 1.5kg,cat,dry,,needs_review,retailer,royal-canin-vet-diet-cat-urinary-s-o-moderate-calorie-cat-dry-gr-gatoskilo,high,76,,kcal_per_100g|moisture_percent,urinary,Uses estimated calories for a sensitive recommendation context.,Prefer official kcal before strong recommendation or portion guidance.
hold_until_backfill,medium,Royal Canin,Royal Canin Vet Diet Dog Anallergenic 3kg,dog,dry,,needs_review,retailer,royal-canin-vet-diet-dog-anallergenic-dog-dry-gr-gatoskilo,high,100,calcium_percent|phosphorus_percent,kcal_per_100g|moisture_percent,,Core blocker nutrients are missing.,"Backfill missing kcal, calcium, phosphorus or proximate values."
cautious_enable_only,medium,Royal Canin,Royal Canin Vet Diet Dog Renal 2kg,dog,dry,,needs_review,retailer,royal-canin-vet-diet-dog-renal-dog-dry-gr-gatoskilo,high,88,,kcal_per_100g|moisture_percent,renal,Uses estimated calories for a sensitive recommendation context.,Prefer official kcal before strong recommendation or portion guidance.
hold_until_backfill,medium,Royal Canin,Royal Canin Vet Diet Dog Sensitivity Control 1.5kg,dog,dry,,needs_review,retailer,royal-canin-vet-diet-dog-sensitivity-control-dog-dry-gr-gatoskilo,high,92,calcium_percent|phosphorus_percent,kcal_per_100g|moisture_percent,,Core blocker nutrients are missing.,"Backfill missing kcal, calcium, phosphorus or proximate values."
cautious_enable_only,medium,Royal Canin,Royal Canin Vet Diet Dog Urinary S/O 13kg,dog,dry,,needs_review,retailer,royal-canin-vet-diet-dog-urinary-s-o-dog-dry-gr-gatoskilo,high,72,,kcal_per_100g|moisture_percent,urinary,Uses estimated calories for a sensitive recommendation context.,Prefer official kcal before strong recommendation or portion guidance.
cautious_enable_only,medium,Royal Canin,Royal Canin Vet Diet Small Dog Hypoallergenic 1kg,dog,dry,,needs_review,retailer,royal-canin-vet-diet-small-dog-hypoallergenic-dog-dry-gr-gatoskilo,high,60,,kcal_per_100g|moisture_percent,,Uses estimated calories for a sensitive recommendation context.,Prefer official kcal before strong recommendation or portion guidance.
cautious_enable_only,medium,Royal Canin,Royal Canin Vet Diet Urinary S/O Small Dog 1.5kg,dog,dry,,needs_review,retailer,royal-canin-vet-diet-urinary-s-o-small-dog-dog-dry-gr-gatoskilo,high,76,,kcal_per_100g|moisture_percent,urinary,Uses estimated calories for a sensitive recommendation context.,Prefer official kcal before strong recommendation or portion guidance.
hold_until_backfill,medium,Royal Canin,Royal Canin X-SMALL ADULT,dog,dry,adult,needs_review,official,royal-canin-x-small-adult-dog-dry-gr-official,high,78,calcium_percent|phosphorus_percent,,,Core blocker nutrients are missing.,"Backfill missing kcal, calcium, phosphorus or proximate values."
hold_until_backfill,medium,Royal Canin,Royal Canin Xsmall Adult 1.5kg,dog,dry,adult,needs_review,retailer,royal-canin-xsmall-adult-dog-dry-gr-gatoskilo,high,96,calcium_percent|phosphorus_percent,kcal_per_100g|moisture_percent,,Core blocker nutrients are missing.,"Backfill missing kcal, calcium, phosphorus or proximate values."
hold_until_backfill,medium,Royal Canin,Royal Canin Xsmall Ageing 12+ 1.5kg,dog,dry,,needs_review,retailer,royal-canin-xsmall-ageing-12-dog-dry-gr-gatoskilo,high,96,calcium_percent|phosphorus_percent,kcal_per_100g|moisture_percent,,Core blocker nutrients are missing.,"Backfill missing kcal, calcium, phosphorus or proximate values."
hold_until_backfill,medium,Royal Canin,Royal Canin Xsmall Sterilised Adult 1.5kg,dog,dry,adult,needs_review,retailer,royal-canin-xsmall-sterilised-adult-dog-dry-gr-gatoskilo,high,100,calcium_percent|phosphorus_percent,kcal_per_100g|moisture_percent,,Core blocker nutrients are missing.,"Backfill missing kcal, calcium, phosphorus or proximate values."
hold_until_backfill,medium,Royal Canin,Royal Canin Yorkshire Adult 3kg,dog,dry,adult,needs_review,retailer,royal-canin-yorkshire-adult-dog-dry-gr-gatoskilo,high,100,calcium_percent|phosphorus_percent,kcal_per_100g|moisture_percent,,Core blocker nutrients are missing.,"Backfill missing kcal, calcium, phosphorus or proximate values."
hold_until_backfill,medium,Royal Canin,Royal Canin Yorkshire Terrier Adult,dog,dry,adult,needs_review,official,royal-canin-yorkshire-terrier-adult-dog-dry-gr-official,high,70,calcium_percent|phosphorus_percent,,,Core blocker nutrients are missing.,"Backfill missing kcal, calcium, phosphorus or proximate values."
hold_until_backfill,medium,Royal Canin Breed,Royal Canin Labrador Retriever Adult,dog,dry,adult,needs_review,retailer,royal-canin-breed-royal-canin-labrador-retriever-adult-dog-dry-eu-retailer,high,88,calcium_percent|phosphorus_percent,kcal_per_100g,,Core blocker nutrients are missing.,"Backfill missing kcal, calcium, phosphorus or proximate values."
hold_until_backfill,medium,Royal Canin Size,Royal Canin Maxi Adult,dog,dry,adult,needs_review,retailer,royal-canin-size-royal-canin-maxi-adult-dog-dry-eu-retailer,high,92,calcium_percent|phosphorus_percent,kcal_per_100g,,Core blocker nutrients are missing.,"Backfill missing kcal, calcium, phosphorus or proximate values."
hold_until_backfill,medium,Royal Canin Size,Royal Canin Medium Adult,dog,dry,adult,needs_review,retailer,royal-canin-size-royal-canin-medium-adult-dog-dry-eu-retailer,high,92,calcium_percent|phosphorus_percent,kcal_per_100g,,Core blocker nutrients are missing.,"Backfill missing kcal, calcium, phosphorus or proximate values."
hold_until_backfill,medium,Royal Canin Size,Royal Canin Mini Adult,dog,dry,adult,needs_review,retailer,royal-canin-size-royal-canin-mini-adult-dog-dry-eu-retailer,high,92,calcium_percent|phosphorus_percent,kcal_per_100g,,Core blocker nutrients are missing.,"Backfill missing kcal, calcium, phosphorus or proximate values."
cautious_enable_only,medium,Royal Canin Veterinary Diet,Royal Canin Veterinary Canine Hypoallergenic Small Dog,dog,dry,adult,needs_review,retailer,royal-canin-veterinary-diet-royal-canin-veterinary-canine-hypoallergenic-small-dog-dog-dry-eu-retailer,high,64,,kcal_per_100g,allergy,Uses estimated calories for a sensitive recommendation context.,Prefer official kcal before strong recommendation or portion guidance.
hold_until_backfill,medium,Schesir,Schesir Adult Medium με Χοιρινό Προσούτο,dog,dry,adult,needs_review,retailer,schesir-schesir-adult-medium-με-χοιρινο-προσουτο-dog-dry-gr-ods,high,80,calcium_percent|phosphorus_percent,,,Core blocker nutrients are missing.,"Backfill missing kcal, calcium, phosphorus or proximate values."
hold_until_backfill,medium,Schesir,Schesir Adult Medium με Ψάρι,dog,dry,adult,needs_review,retailer,schesir-schesir-adult-medium-με-ψαρι-dog-dry-gr-ods,high,80,calcium_percent|phosphorus_percent,,,Core blocker nutrients are missing.,"Backfill missing kcal, calcium, phosphorus or proximate values."
hold_until_backfill,medium,Taste of the Wild,Taste of the Wild Appalachian Valley Small Breed 2kg,dog,dry,,needs_review,retailer,taste-of-the-wild-appalachian-valley-small-breed-dog-dry-gr-gatoskilo,high,80,calcium_percent|phosphorus_percent,,,Core blocker nutrients are missing.,"Backfill missing kcal, calcium, phosphorus or proximate values."
hold_until_backfill,medium,Taste of the Wild,Taste of the Wild Cat Rocky Mountain Ελάφι & Σολομός 2kg,cat,dry,,needs_review,retailer,taste-of-the-wild-cat-rocky-mountain-ελαφι-and-σολομοσ-cat-dry-gr-gatoskilo,high,80,calcium_percent|phosphorus_percent,,,Core blocker nutrients are missing.,"Backfill missing kcal, calcium, phosphorus or proximate values."
hold_until_backfill,medium,Taste of the Wild,Taste of the Wild High Praire Βίσωνας & Ελάφι 12.2kg,dog,dry,,needs_review,retailer,taste-of-the-wild-high-praire-βισωνασ-and-ελαφι-dog-dry-gr-gatoskilo,high,80,calcium_percent|phosphorus_percent,,,Core blocker nutrients are missing.,"Backfill missing kcal, calcium, phosphorus or proximate values."
hold_until_backfill,medium,Taste of the Wild,Taste of the Wild Pacific Stream Σολομός 12.2kg,dog,dry,,needs_review,retailer,taste-of-the-wild-pacific-stream-σολομοσ-dog-dry-gr-gatoskilo,high,80,calcium_percent|phosphorus_percent,,,Core blocker nutrients are missing.,"Backfill missing kcal, calcium, phosphorus or proximate values."
hold_until_backfill,medium,Taste of the Wild,Taste of the Wild Sierra Mountain Αρνί 12.2kg,dog,dry,,needs_review,retailer,taste-of-the-wild-sierra-mountain-αρνι-dog-dry-gr-gatoskilo,high,80,calcium_percent|phosphorus_percent,,,Core blocker nutrients are missing.,"Backfill missing kcal, calcium, phosphorus or proximate values."
hold_until_backfill,medium,Taste of the Wild,Taste of the Wild Southwest Canyon Αγριογούρουνο 2kg,dog,dry,,needs_review,retailer,taste-of-the-wild-southwest-canyon-αγριογουρουνο-dog-dry-gr-gatoskilo,high,80,calcium_percent|phosphorus_percent,,,Core blocker nutrients are missing.,"Backfill missing kcal, calcium, phosphorus or proximate values."
hold_until_backfill,medium,Taste of the Wild,Taste of the Wild Wetlands Πάπια 2kg,dog,dry,,needs_review,retailer,taste-of-the-wild-wetlands-παπια-dog-dry-gr-gatoskilo,high,80,calcium_percent|phosphorus_percent,,,Core blocker nutrients are missing.,"Backfill missing kcal, calcium, phosphorus or proximate values."
hold_until_backfill,medium,Tonus Dog Chow,Tonus Dog Chow Adult Αρνί 2.5kg,dog,dry,adult,needs_review,retailer,tonus-dog-chow-adult-αρνι-dog-dry-gr-gatoskilo,high,92,calcium_percent|phosphorus_percent,kcal_per_100g|moisture_percent,,Core blocker nutrients are missing.,"Backfill missing kcal, calcium, phosphorus or proximate values."
hold_until_backfill,medium,Tonus Dog Chow,Tonus Dog Chow Adult Κοτόπουλο 2.5kg,dog,dry,adult,needs_review,retailer,tonus-dog-chow-adult-κοτοπουλο-dog-dry-gr-gatoskilo,high,100,calcium_percent|phosphorus_percent,kcal_per_100g|moisture_percent,,Core blocker nutrients are missing.,"Backfill missing kcal, calcium, phosphorus or proximate values."
hold_until_backfill,medium,Tonus Dog Chow,Tonus Dog Chow Sensitive Σολομός 2.5kg,dog,dry,,needs_review,retailer,tonus-dog-chow-sensitive-σολομοσ-dog-dry-gr-gatoskilo,high,92,calcium_percent|phosphorus_percent,kcal_per_100g|moisture_percent,,Core blocker nutrients are missing.,"Backfill missing kcal, calcium, phosphorus or proximate values."
hold_until_backfill,medium,Trainer,Natural Trainer Adult Κοτόπουλο 10kg,cat,dry,adult,needs_review,retailer,trainer-natural-trainer-adult-κοτοπουλο-cat-dry-gr-gatoskilo,high,92,calcium_percent|phosphorus_percent,kcal_per_100g|moisture_percent,,Core blocker nutrients are missing.,"Backfill missing kcal, calcium, phosphorus or proximate values."
hold_until_backfill,medium,Trainer,Natural Trainer Adult Sterilized Λευκά Κρέατα 1.5kg,cat,dry,adult,needs_review,retailer,trainer-natural-trainer-adult-sterilized-λευκα-κρεατα-cat-dry-gr-gatoskilo,high,92,calcium_percent|phosphorus_percent,kcal_per_100g|moisture_percent,,Core blocker nutrients are missing.,"Backfill missing kcal, calcium, phosphorus or proximate values."
hold_until_backfill,medium,Trainer,Natural Trainer Adult Sterilized Προσούτο 1.5kg,cat,dry,adult,needs_review,retailer,trainer-natural-trainer-adult-sterilized-προσουτο-cat-dry-gr-gatoskilo,high,92,calcium_percent|phosphorus_percent,kcal_per_100g|moisture_percent,,Core blocker nutrients are missing.,"Backfill missing kcal, calcium, phosphorus or proximate values."
hold_until_backfill,medium,Trainer,Natural Trainer Adult Sterilized Σολομός 1.5kg,cat,dry,adult,needs_review,retailer,trainer-natural-trainer-adult-sterilized-σολομοσ-cat-dry-gr-gatoskilo,high,92,calcium_percent|phosphorus_percent,kcal_per_100g|moisture_percent,,Core blocker nutrients are missing.,"Backfill missing kcal, calcium, phosphorus or proximate values."
hold_until_backfill,medium,Trainer,Natural Trainer Medium Adult Fresh Chicken 12kg,dog,dry,adult,needs_review,retailer,trainer-natural-trainer-medium-adult-fresh-chicken-dog-dry-gr-gatoskilo,high,92,calcium_percent|phosphorus_percent,kcal_per_100g|moisture_percent,,Core blocker nutrients are missing.,"Backfill missing kcal, calcium, phosphorus or proximate values."
hold_until_backfill,medium,Trendline,Trendline Cat Sterilized Chicken 15kg,cat,dry,,needs_review,retailer,trendline-cat-sterilized-chicken-cat-dry-gr-gatoskilo,high,100,calcium_percent|phosphorus_percent,kcal_per_100g|moisture_percent,,Core blocker nutrients are missing.,"Backfill missing kcal, calcium, phosphorus or proximate values."
review_before_enable,medium,Trovet,Trovet Cat Renal & Oxalate 2.5kg,cat,dry,,needs_review,retailer,trovet-cat-renal-and-oxalate-cat-dry-gr-gatoskilo,high,80,,,renal,Nutrient gap score is high even without core blockers.,Review gap report and source notes before enabling.
hold_until_backfill,medium,Vidok,Vidok Plus+ με Κοτόπουλο 15kg,dog,dry,,needs_review,retailer,vidok-plus-με-κοτοπουλο-dog-dry-gr-gatoskilo,high,88,calcium_percent|phosphorus_percent,kcal_per_100g,,Core blocker nutrients are missing.,"Backfill missing kcal, calcium, phosphorus or proximate values."
cautious_enable_only,medium,Wellfed,Wellfed InstinCat Baby & Young 300gr,cat,dry,kitten,needs_review,retailer,wellfed-instincat-baby-and-young-cat-dry-gr-gatoskilo,high,80,,kcal_per_100g,kitten,Uses estimated calories for a sensitive recommendation context.,Prefer official kcal before strong recommendation or portion guidance.
hold_until_backfill,medium,Wellness Core,Wellness CORE Adult Ocean Σολομός & Τόνος 300gr,cat,dry,adult,needs_review,retailer,wellness-core-adult-ocean-σολομοσ-and-τονοσ-cat-dry-gr-gatoskilo,high,76,calcium_percent|phosphorus_percent,,,Core blocker nutrients are missing.,"Backfill missing kcal, calcium, phosphorus or proximate values."
hold_until_backfill,medium,Wellness Core,Wellness CORE Adult Original Γαλοπούλα & Κοτόπουλο 4kg,cat,dry,adult,needs_review,retailer,wellness-core-adult-original-γαλοπουλα-and-κοτοπουλο-cat-dry-gr-gatoskilo,high,76,calcium_percent|phosphorus_percent,,,Core blocker nutrients are missing.,"Backfill missing kcal, calcium, phosphorus or proximate values."
hold_until_backfill,medium,Wellness Core,Wellness CORE Sterilized Κοτόπουλο & Γαλοπούλα 1.75kg,cat,dry,,needs_review,retailer,wellness-core-sterilized-κοτοπουλο-and-γαλοπουλα-cat-dry-gr-gatoskilo,high,76,calcium_percent|phosphorus_percent,,,Core blocker nutrients are missing.,"Backfill missing kcal, calcium, phosphorus or proximate values."
hold_until_backfill,medium,Wellness Core,Wellness CORE Sterilized Σολομός 1.75kg,cat,dry,,needs_review,retailer,wellness-core-sterilized-σολομοσ-cat-dry-gr-gatoskilo,high,76,calcium_percent|phosphorus_percent,,,Core blocker nutrients are missing.,"Backfill missing kcal, calcium, phosphorus or proximate values."
review_before_enable,medium,Whiskas,Whiskas Adult Γεμιστές Κροκέτες με Τόνο 14kg,cat,dry,adult,needs_review,retailer,whiskas-adult-γεμιστεσ-κροκετεσ-με-τονο-cat-dry-gr-gatoskilo,high,64,,kcal_per_100g|moisture_percent,,Nutrient gap score is high even without core blockers.,Review gap report and source notes before enabling.
hold_until_backfill,medium,Wolf of Wilderness,"Wolf of Wilderness Adult ""Blue River"" Salmon - Grain-Free",dog,dry,adult,needs_review,retailer,wolf-of-wilderness-adult-blue-river-salmon-grain-free-dog-dry-eu-retailer,high,92,calcium_percent|phosphorus_percent,kcal_per_100g,,Core blocker nutrients are missing.,"Backfill missing kcal, calcium, phosphorus or proximate values."
cautious_enable_only,low,Acana,Acana Bountiful Catch Adult 4.5kg,cat,dry,adult,needs_review,retailer,acana-bountiful-catch-adult-cat-dry-gr-gatoskilo,low,24,,,,"Retailer-sourced row still needs review, but no critical blockers were detected.","Spot-check title, ingredients and source before enabling."
cautious_enable_only,low,Acana,Acana Grasslands Cat & Kitten 4.5kg,cat,dry,kitten,needs_review,retailer,acana-grasslands-cat-and-kitten-cat-dry-gr-gatoskilo,medium,44,,,kitten,"Retailer-sourced row still needs review, but no critical blockers were detected.","Spot-check title, ingredients and source before enabling."
cautious_enable_only,low,Acana,Acana Indoor Entrée Adult Sterilised 1.8kg,cat,dry,adult,needs_review,retailer,acana-indoor-entree-adult-sterilised-cat-dry-gr-gatoskilo,low,24,,,,"Retailer-sourced row still needs review, but no critical blockers were detected.","Spot-check title, ingredients and source before enabling."
cautious_enable_only,low,Acana,Acana Pacifica Cat & Kitten 340gr,cat,dry,kitten,needs_review,retailer,acana-pacifica-cat-and-kitten-cat-dry-gr-gatoskilo,medium,44,,,kitten,"Retailer-sourced row still needs review, but no critical blockers were detected.","Spot-check title, ingredients and source before enabling."
cautious_enable_only,low,Acana,Acana Prairie Poultry 9.7kg,dog,dry,puppy,needs_review,retailer,acana-prairie-poultry-dog-dry-gr-gatoskilo,medium,48,,,puppy,"Retailer-sourced row still needs review, but no critical blockers were detected.","Spot-check title, ingredients and source before enabling."
cautious_enable_only,low,Acana,Acana Wild Coast 9.7kg,dog,dry,puppy,needs_review,retailer,acana-wild-coast-dog-dry-gr-gatoskilo,medium,48,,,puppy,"Retailer-sourced row still needs review, but no critical blockers were detected.","Spot-check title, ingredients and source before enabling."
cautious_enable_only,low,Acana,Acana Wild Prairie Cat & Kitten 4.5kg,cat,dry,kitten,needs_review,retailer,acana-wild-prairie-cat-and-kitten-cat-dry-gr-gatoskilo,medium,44,,,kitten,"Retailer-sourced row still needs review, but no critical blockers were detected.","Spot-check title, ingredients and source before enabling."
cautious_enable_only,low,ACANA,Acana Classic Red Meat 2kg,dog,dry,adult,needs_review,retailer,acana-classic-red-meat-dog-dry-gr-retailer,medium,28,,,,"Retailer-sourced row still needs review, but no critical blockers were detected.","Spot-check title, ingredients and source before enabling."
cautious_enable_only,low,Ambrosia,Ambrosia Grain Free Cat Adult & Sterilized Fresh Salmon & Chicken 1.5kg,cat,dry,adult,needs_review,retailer,ambrosia-grain-free-cat-adult-and-sterilized-fresh-salmon-and-chicken-cat-dry-gr-gatoskilo,medium,48,,kcal_per_100g,,"Retailer-sourced row still needs review, but no critical blockers were detected.","Spot-check title, ingredients and source before enabling."
cautious_enable_only,low,Ambrosia,Ambrosia Grain Free Cat Sterilised Turkey & Herring 5kg,cat,dry,,needs_review,retailer,ambrosia-grain-free-cat-sterilised-turkey-and-herring-cat-dry-gr-gatoskilo,medium,48,,kcal_per_100g,,"Retailer-sourced row still needs review, but no critical blockers were detected.","Spot-check title, ingredients and source before enabling."
cautious_enable_only,low,Ambrosia,Ambrosia Grain Free Cat Sterilized Fresh Duck & Turkey 1.5kg,cat,dry,,needs_review,retailer,ambrosia-grain-free-cat-sterilized-fresh-duck-and-turkey-cat-dry-gr-gatoskilo,medium,40,,kcal_per_100g,,"Retailer-sourced row still needs review, but no critical blockers were detected.","Spot-check title, ingredients and source before enabling."
cautious_enable_only,low,Ambrosia,Ambrosia Grain Free Cat Sterilized Turkey & Herring 1.5kg,cat,dry,,needs_review,retailer,ambrosia-grain-free-cat-sterilized-turkey-and-herring-cat-dry-gr-gatoskilo,medium,48,,kcal_per_100g,,"Retailer-sourced row still needs review, but no critical blockers were detected.","Spot-check title, ingredients and source before enabling."
cautious_enable_only,low,Ambrosia,Ambrosia Mediterranean Grain Free Adult Fresh Lamb 5kg,dog,dry,adult,needs_review,retailer,ambrosia-mediterranean-grain-free-adult-fresh-lamb-dog-dry-gr-gatoskilo,medium,36,,,,"Retailer-sourced row still needs review, but no critical blockers were detected.","Spot-check title, ingredients and source before enabling."
cautious_enable_only,low,Ambrosia,Ambrosia Mediterranean Grain Free Adult Fresh Sardine & Tuna 1.5kg,dog,dry,adult,needs_review,retailer,ambrosia-mediterranean-grain-free-adult-fresh-sardine-and-tuna-dog-dry-gr-gatoskilo,medium,36,,,,"Retailer-sourced row still needs review, but no critical blockers were detected.","Spot-check title, ingredients and source before enabling."
cautious_enable_only,low,Ambrosia,Ambrosia Mediterranean Grain Free Adult Sensitive Fresh Duck 1.5kg,dog,dry,adult,needs_review,retailer,ambrosia-mediterranean-grain-free-adult-sensitive-fresh-duck-dog-dry-gr-gatoskilo,medium,36,,,,"Retailer-sourced row still needs review, but no critical blockers were detected.","Spot-check title, ingredients and source before enabling."
cautious_enable_only,low,Anima,Anima Dog Adult Chicken & Turkey 14kg,dog,dry,adult,needs_review,retailer,anima-dog-adult-chicken-and-turkey-dog-dry-gr-gatoskilo,medium,48,,,,"Retailer-sourced row still needs review, but no critical blockers were detected.","Spot-check title, ingredients and source before enabling."
cautious_enable_only,low,Anima,Anima Dog Adult Lamb & Rice 14kg,dog,dry,adult,needs_review,retailer,anima-dog-adult-lamb-and-rice-dog-dry-gr-gatoskilo,medium,44,,,,"Retailer-sourced row still needs review, but no critical blockers were detected.","Spot-check title, ingredients and source before enabling."
cautious_enable_only,low,Banters,Banters Adult Lamb & Rice 15kg,dog,dry,adult,needs_review,retailer,banters-adult-lamb-and-rice-dog-dry-gr-gatoskilo,medium,56,,kcal_per_100g|moisture_percent,,"Retailer-sourced row still needs review, but no critical blockers were detected.","Spot-check title, ingredients and source before enabling."
cautious_enable_only,low,Bedog,Bedog Active 15kg,dog,dry,,needs_review,retailer,bedog-active-dog-dry-gr-gatoskilo,medium,52,,kcal_per_100g,,"Retailer-sourced row still needs review, but no critical blockers were detected.","Spot-check title, ingredients and source before enabling."
cautious_enable_only,low,Belcando,Belcando Adult Dinner 1kg,dog,dry,adult,needs_review,retailer,belcando-adult-dinner-dog-dry-gr-gatoskilo,medium,52,,kcal_per_100g,,"Retailer-sourced row still needs review, but no critical blockers were detected.","Spot-check title, ingredients and source before enabling."
cautious_enable_only,low,Belcando,Belcando Adult Grain Free Poultry 12.5kg,dog,dry,adult,needs_review,retailer,belcando-adult-grain-free-poultry-dog-dry-gr-gatoskilo,medium,48,,kcal_per_100g,,"Retailer-sourced row still needs review, but no critical blockers were detected.","Spot-check title, ingredients and source before enabling."
cautious_enable_only,low,Belcando,Belcando Adult Multi-Croc 12.5kg,dog,dry,adult,needs_review,retailer,belcando-adult-multi-croc-dog-dry-gr-gatoskilo,medium,48,,kcal_per_100g,,"Retailer-sourced row still needs review, but no critical blockers were detected.","Spot-check title, ingredients and source before enabling."
cautious_enable_only,low,Belcando,Belcando Adult Power 12.5kg,dog,dry,adult,needs_review,retailer,belcando-adult-power-dog-dry-gr-gatoskilo,medium,48,,kcal_per_100g,,"Retailer-sourced row still needs review, but no critical blockers were detected.","Spot-check title, ingredients and source before enabling."
cautious_enable_only,low,Belcando,Belcando Baseline Explorer 12.5kg,dog,dry,,needs_review,retailer,belcando-baseline-explorer-dog-dry-gr-gatoskilo,medium,48,,kcal_per_100g,,"Retailer-sourced row still needs review, but no critical blockers were detected.","Spot-check title, ingredients and source before enabling."
cautious_enable_only,low,Belcando,Belcando Baseline Fisher 12.5kg,dog,dry,,needs_review,retailer,belcando-baseline-fisher-dog-dry-gr-gatoskilo,medium,48,,kcal_per_100g,,"Retailer-sourced row still needs review, but no critical blockers were detected.","Spot-check title, ingredients and source before enabling."
cautious_enable_only,low,Belcando,Belcando Baseline Joker Grain Free 4kg,dog,dry,,needs_review,retailer,belcando-baseline-joker-grain-free-dog-dry-gr-gatoskilo,medium,48,,kcal_per_100g,,"Retailer-sourced row still needs review, but no critical blockers were detected.","Spot-check title, ingredients and source before enabling."
cautious_enable_only,low,Belcando,Belcando Baseline Ranger Grain Free 12.5kg,dog,dry,,needs_review,retailer,belcando-baseline-ranger-grain-free-dog-dry-gr-gatoskilo,medium,48,,kcal_per_100g,,"Retailer-sourced row still needs review, but no critical blockers were detected.","Spot-check title, ingredients and source before enabling."
cautious_enable_only,low,Belcando,Belcando Finest Croc 12.5kg,dog,dry,,needs_review,retailer,belcando-finest-croc-dog-dry-gr-gatoskilo,medium,48,,kcal_per_100g,,"Retailer-sourced row still needs review, but no critical blockers were detected.","Spot-check title, ingredients and source before enabling."
cautious_enable_only,low,Belcando,Belcando Finest Grain Free Salmon 12.5kg,dog,dry,,needs_review,retailer,belcando-finest-grain-free-salmon-dog-dry-gr-gatoskilo,medium,48,,kcal_per_100g,,"Retailer-sourced row still needs review, but no critical blockers were detected.","Spot-check title, ingredients and source before enabling."
cautious_enable_only,low,Belcando,Belcando Finest Grain-Free Lamb 12.5kg,dog,dry,,needs_review,retailer,belcando-finest-grain-free-lamb-dog-dry-gr-gatoskilo,medium,48,,kcal_per_100g,,"Retailer-sourced row still needs review, but no critical blockers were detected.","Spot-check title, ingredients and source before enabling."
cautious_enable_only,low,Belcando Mastercraft,Belcando Mastercraft Fresh Turkey 10kg,dog,dry,,needs_review,retailer,belcando-mastercraft-fresh-turkey-dog-dry-gr-gatoskilo,medium,48,,kcal_per_100g,,"Retailer-sourced row still needs review, but no critical blockers were detected.","Spot-check title, ingredients and source before enabling."
cautious_enable_only,low,Black Olympus,Black Olympus low grain adult medium chicken & brown rice 2kg,dog,dry,adult,needs_review,retailer,black-olympus-low-grain-adult-medium-chicken-brown-rice-dog-dry-gr-retailer,medium,44,,,,"Retailer-sourced row still needs review, but no critical blockers were detected.","Spot-check title, ingredients and source before enabling."
cautious_enable_only,low,Bozita,Bozita Hair & Skin Σολομός Wheat Free 2kg,cat,dry,,needs_review,retailer,bozita-hair-and-skin-σολομοσ-wheat-free-cat-dry-gr-gatoskilo,medium,48,,kcal_per_100g,,"Retailer-sourced row still needs review, but no critical blockers were detected.","Spot-check title, ingredients and source before enabling."
cautious_enable_only,low,Briantos,Briantos Adult Grain-Free Duck & Potato,dog,dry,adult,needs_review,retailer,briantos-adult-grain-free-duck-potato-dog-dry-eu-retailer,medium,44,,,,"Retailer-sourced row still needs review, but no critical blockers were detected.","Spot-check title, ingredients and source before enabling."
cautious_enable_only,low,Brit,Brit Care Cat Adult Haircare Salmon & Chicken Grain Free 2kg,cat,dry,adult,needs_review,retailer,brit-care-cat-adult-haircare-salmon-and-chicken-grain-free-cat-dry-gr-gatoskilo,medium,28,,,,"Retailer-sourced row still needs review, but no critical blockers were detected.","Spot-check title, ingredients and source before enabling."
cautious_enable_only,low,Brit,Brit Care Cat Adult Indoor Chicken Grain Free 2kg,cat,dry,adult,needs_review,retailer,brit-care-cat-adult-indoor-chicken-grain-free-cat-dry-gr-gatoskilo,medium,28,,,,"Retailer-sourced row still needs review, but no critical blockers were detected.","Spot-check title, ingredients and source before enabling."
cautious_enable_only,low,Brit,Brit Care Cat Kitten Grain Free Salmon 2kg,cat,dry,kitten,needs_review,retailer,brit-care-cat-kitten-grain-free-salmon-cat-dry-gr-gatoskilo,medium,40,,,kitten,"Retailer-sourced row still needs review, but no critical blockers were detected.","Spot-check title, ingredients and source before enabling."
cautious_enable_only,low,Brit,Brit Care Cat Sensitive Insect & Herring Grain Free 2kg,cat,dry,,needs_review,retailer,brit-care-cat-sensitive-insect-and-herring-grain-free-cat-dry-gr-gatoskilo,medium,28,,,,"Retailer-sourced row still needs review, but no critical blockers were detected.","Spot-check title, ingredients and source before enabling."
cautious_enable_only,low,Brit,Brit Care Cat Sensitive Turkey & Salmon Grain Free 2kg,cat,dry,,needs_review,retailer,brit-care-cat-sensitive-turkey-and-salmon-grain-free-cat-dry-gr-gatoskilo,medium,28,,,,"Retailer-sourced row still needs review, but no critical blockers were detected.","Spot-check title, ingredients and source before enabling."
cautious_enable_only,low,Brit,Brit Care Cat Sterilised Immunity Support Pork Grain Free 7kg,cat,dry,,needs_review,retailer,brit-care-cat-sterilised-immunity-support-pork-grain-free-cat-dry-gr-gatoskilo,low,20,,,,"Retailer-sourced row still needs review, but no critical blockers were detected.","Spot-check title, ingredients and source before enabling."
cautious_enable_only,low,Brit,Brit Care Cat Sterilised Sensitive Rabbit Grain Free 2kg,cat,dry,,needs_review,retailer,brit-care-cat-sterilised-sensitive-rabbit-grain-free-cat-dry-gr-gatoskilo,medium,28,,,,"Retailer-sourced row still needs review, but no critical blockers were detected.","Spot-check title, ingredients and source before enabling."
cautious_enable_only,low,Brit,Brit Care Cat Sterilised Urinary Chicken Grain Free 2kg,cat,dry,,needs_review,retailer,brit-care-cat-sterilised-urinary-chicken-grain-free-cat-dry-gr-gatoskilo,medium,36,,,urinary,"Retailer-sourced row still needs review, but no critical blockers were detected.","Spot-check title, ingredients and source before enabling."
cautious_enable_only,low,Brit,Brit Care Cat Sterilised Weight Control Duck & Turkey Grain Free 2kg,cat,dry,,needs_review,retailer,brit-care-cat-sterilised-weight-control-duck-and-turkey-grain-free-cat-dry-gr-gatoskilo,medium,36,,,weight_control,"Retailer-sourced row still needs review, but no critical blockers were detected.","Spot-check title, ingredients and source before enabling."
cautious_enable_only,low,Brit,Brit Care Grain Free Dog Adult Small & Medium Salmon 1kg,dog,dry,adult,needs_review,retailer,brit-care-grain-free-dog-adult-small-and-medium-salmon-dog-dry-gr-gatoskilo,low,24,,,,"Retailer-sourced row still needs review, but no critical blockers were detected.","Spot-check title, ingredients and source before enabling."
cautious_enable_only,low,Brit,Brit Care Grain Free Dog Junior Large Salmon 12kg,dog,dry,puppy,needs_review,retailer,brit-care-grain-free-dog-junior-large-salmon-dog-dry-gr-gatoskilo,medium,44,,,puppy,"Retailer-sourced row still needs review, but no critical blockers were detected.","Spot-check title, ingredients and source before enabling."
cautious_enable_only,low,Brit,Brit Care Grain Free Dog Puppy Salmon 12kg,dog,dry,puppy,needs_review,retailer,brit-care-grain-free-dog-puppy-salmon-dog-dry-gr-gatoskilo,medium,44,,,puppy,"Retailer-sourced row still needs review, but no critical blockers were detected.","Spot-check title, ingredients and source before enabling."
cautious_enable_only,low,Brit,Brit Care Grain Free Dog Senior & Light Salmon 12kg,dog,dry,senior,needs_review,retailer,brit-care-grain-free-dog-senior-and-light-salmon-dog-dry-gr-gatoskilo,medium,44,,,weight_control|senior,"Retailer-sourced row still needs review, but no critical blockers were detected.","Spot-check title, ingredients and source before enabling."
cautious_enable_only,low,Brit,Brit Care Grain Free Sensitive Dog Adult Venison 12kg,dog,dry,adult,needs_review,retailer,brit-care-grain-free-sensitive-dog-adult-venison-dog-dry-gr-gatoskilo,low,24,,,,"Retailer-sourced row still needs review, but no critical blockers were detected.","Spot-check title, ingredients and source before enabling."
cautious_enable_only,low,Brit,Brit Care Hypoallergenic Dog Adult Medium Lamb & Rice 1kg,dog,dry,adult,needs_review,retailer,brit-care-hypoallergenic-dog-adult-medium-lamb-and-rice-dog-dry-gr-gatoskilo,low,24,,,,"Retailer-sourced row still needs review, but no critical blockers were detected.","Spot-check title, ingredients and source before enabling."
cautious_enable_only,low,Brit,Brit Care Hypoallergenic Dog Adult Show Champion Salmon & Herring 12kg,dog,dry,adult,needs_review,retailer,brit-care-hypoallergenic-dog-adult-show-champion-salmon-and-herring-dog-dry-gr-gatoskilo,low,24,,,,"Retailer-sourced row still needs review, but no critical blockers were detected.","Spot-check title, ingredients and source before enabling."
cautious_enable_only,low,Brit,Brit Care Hypoallergenic Dog Adult Small Lamb & Rice 1kg,dog,dry,adult,needs_review,retailer,brit-care-hypoallergenic-dog-adult-small-lamb-and-rice-dog-dry-gr-gatoskilo,low,24,,,,"Retailer-sourced row still needs review, but no critical blockers were detected.","Spot-check title, ingredients and source before enabling."
cautious_enable_only,low,Brit,Brit Care Hypoallergenic Dog Adult Weight Loss Rabbit & Rice 12kg,dog,dry,adult,needs_review,retailer,brit-care-hypoallergenic-dog-adult-weight-loss-rabbit-and-rice-dog-dry-gr-gatoskilo,medium,32,,,weight_control,"Retailer-sourced row still needs review, but no critical blockers were detected.","Spot-check title, ingredients and source before enabling."
cautious_enable_only,low,Brit,Brit Care Hypoallergenic Dog Junior Large Lamb & Rice 12kg,dog,dry,puppy,needs_review,retailer,brit-care-hypoallergenic-dog-junior-large-lamb-and-rice-dog-dry-gr-gatoskilo,medium,44,,,puppy,"Retailer-sourced row still needs review, but no critical blockers were detected.","Spot-check title, ingredients and source before enabling."
cautious_enable_only,low,Brit,Brit Care Hypoallergenic Dog Puppy Lamb & Rice 12kg,dog,dry,puppy,needs_review,retailer,brit-care-hypoallergenic-dog-puppy-lamb-and-rice-dog-dry-gr-gatoskilo,medium,44,,,puppy,"Retailer-sourced row still needs review, but no critical blockers were detected.","Spot-check title, ingredients and source before enabling."
cautious_enable_only,low,Brit,Brit Care Hypoallergenic Dog Senior Lamb & Rice 12kg,dog,dry,senior,needs_review,retailer,brit-care-hypoallergenic-dog-senior-lamb-and-rice-dog-dry-gr-gatoskilo,medium,44,,,senior,"Retailer-sourced row still needs review, but no critical blockers were detected.","Spot-check title, ingredients and source before enabling."
cautious_enable_only,low,Brit,Brit Care Hypoallergenic Dog Weight Loss Rabbit & Rice 3kg,dog,dry,,needs_review,retailer,brit-care-hypoallergenic-dog-weight-loss-rabbit-and-rice-dog-dry-gr-gatoskilo,medium,32,,,weight_control,"Retailer-sourced row still needs review, but no critical blockers were detected.","Spot-check title, ingredients and source before enabling."
cautious_enable_only,low,Brit,Brit Care Mini Dog Adult Grain Free Lamb 2kg,dog,dry,adult,needs_review,retailer,brit-care-mini-dog-adult-grain-free-lamb-dog-dry-gr-gatoskilo,medium,32,,,,"Retailer-sourced row still needs review, but no critical blockers were detected.","Spot-check title, ingredients and source before enabling."
cautious_enable_only,low,Brit,Brit Care Mini Dog Adult Sensitive Grain Free Venison 2kg,dog,dry,adult,needs_review,retailer,brit-care-mini-dog-adult-sensitive-grain-free-venison-dog-dry-gr-gatoskilo,medium,36,,,,"Retailer-sourced row still needs review, but no critical blockers were detected.","Spot-check title, ingredients and source before enabling."
cautious_enable_only,low,Brit,Brit Care Mini Dog Adult Yorkshire Salmon & Tuna 2kg,dog,dry,adult,needs_review,retailer,brit-care-mini-dog-adult-yorkshire-salmon-and-tuna-dog-dry-gr-gatoskilo,medium,36,,,,"Retailer-sourced row still needs review, but no critical blockers were detected.","Spot-check title, ingredients and source before enabling."
cautious_enable_only,low,Brit,Brit Care Sustainable Dog Adult Large Chicken & Insect 12kg,dog,dry,adult,needs_review,retailer,brit-care-sustainable-dog-adult-large-chicken-and-insect-dog-dry-gr-gatoskilo,low,24,,,,"Retailer-sourced row still needs review, but no critical blockers were detected.","Spot-check title, ingredients and source before enabling."
cautious_enable_only,low,Brit,Brit Care Sustainable Dog Senior Chicken & Insect 12kg,dog,dry,senior,needs_review,retailer,brit-care-sustainable-dog-senior-chicken-and-insect-dog-dry-gr-gatoskilo,medium,44,,,senior,"Retailer-sourced row still needs review, but no critical blockers were detected.","Spot-check title, ingredients and source before enabling."
cautious_enable_only,low,Brit,Brit Fresh Beef Dog Junior Large Growth & Joints 12kg,dog,dry,puppy,needs_review,retailer,brit-fresh-beef-dog-junior-large-growth-and-joints-dog-dry-gr-gatoskilo,medium,48,,,puppy,"Retailer-sourced row still needs review, but no critical blockers were detected.","Spot-check title, ingredients and source before enabling."
cautious_enable_only,low,Brit,Brit Fresh Chicken Dog Adult Great Life 12kg,dog,dry,adult,needs_review,retailer,brit-fresh-chicken-dog-adult-great-life-dog-dry-gr-gatoskilo,medium,28,,,,"Retailer-sourced row still needs review, but no critical blockers were detected.","Spot-check title, ingredients and source before enabling."
cautious_enable_only,low,Brit,Brit Fresh Chicken Dog Junior Healthy Growth 12kg,dog,dry,puppy,needs_review,retailer,brit-fresh-chicken-dog-junior-healthy-growth-dog-dry-gr-gatoskilo,medium,48,,,puppy,"Retailer-sourced row still needs review, but no critical blockers were detected.","Spot-check title, ingredients and source before enabling."
cautious_enable_only,low,Brit,Brit Fresh Duck Dog Adult Run & Work 12kg,dog,dry,adult,needs_review,retailer,brit-fresh-duck-dog-adult-run-and-work-dog-dry-gr-gatoskilo,medium,28,,,,"Retailer-sourced row still needs review, but no critical blockers were detected.","Spot-check title, ingredients and source before enabling."
cautious_enable_only,low,Brit,Brit Fresh Fish Dog Adult Large Muscles & Joints 12kg,dog,dry,adult,needs_review,retailer,brit-fresh-fish-dog-adult-large-muscles-and-joints-dog-dry-gr-gatoskilo,medium,28,,,,"Retailer-sourced row still needs review, but no critical blockers were detected.","Spot-check title, ingredients and source before enabling."
cautious_enable_only,low,Brit,Brit Premium By Nature Adult Small 1kg,dog,dry,adult,needs_review,retailer,brit-premium-by-nature-adult-small-dog-dry-gr-gatoskilo,medium,32,,,,"Retailer-sourced row still needs review, but no critical blockers were detected.","Spot-check title, ingredients and source before enabling."
cautious_enable_only,low,Brit,Brit Premium By Nature Cat Adult Chicken 8kg,cat,dry,adult,needs_review,retailer,brit-premium-by-nature-cat-adult-chicken-cat-dry-gr-gatoskilo,medium,28,,,,"Retailer-sourced row still needs review, but no critical blockers were detected.","Spot-check title, ingredients and source before enabling."
cautious_enable_only,low,Brit,Brit Premium By Nature Cat Adult Salmon 300gr,cat,dry,adult,needs_review,retailer,brit-premium-by-nature-cat-adult-salmon-cat-dry-gr-gatoskilo,medium,28,,,,"Retailer-sourced row still needs review, but no critical blockers were detected.","Spot-check title, ingredients and source before enabling."
cautious_enable_only,low,Brit,Brit Premium By Nature Cat Sterilised Chicken 1.5kg,cat,dry,,needs_review,retailer,brit-premium-by-nature-cat-sterilised-chicken-cat-dry-gr-gatoskilo,medium,28,,,,"Retailer-sourced row still needs review, but no critical blockers were detected.","Spot-check title, ingredients and source before enabling."
cautious_enable_only,low,Brit,Brit Premium By Nature Cat Sterilised Lamb 8kg,cat,dry,,needs_review,retailer,brit-premium-by-nature-cat-sterilised-lamb-cat-dry-gr-gatoskilo,medium,28,,,,"Retailer-sourced row still needs review, but no critical blockers were detected.","Spot-check title, ingredients and source before enabling."
cautious_enable_only,low,Brit,Brit Premium By Nature Cat Sterilised Salmon 8kg,cat,dry,,needs_review,retailer,brit-premium-by-nature-cat-sterilised-salmon-cat-dry-gr-gatoskilo,medium,28,,,,"Retailer-sourced row still needs review, but no critical blockers were detected.","Spot-check title, ingredients and source before enabling."
cautious_enable_only,low,Brit,Brit Premium By Nature Sensitive Lamb & Rice 15kg,dog,dry,,needs_review,retailer,brit-premium-by-nature-sensitive-lamb-and-rice-dog-dry-gr-gatoskilo,medium,32,,,,"Retailer-sourced row still needs review, but no critical blockers were detected.","Spot-check title, ingredients and source before enabling."
cautious_enable_only,low,Brit,Brit Premium By Nature Sport 15kg,dog,dry,,needs_review,retailer,brit-premium-by-nature-sport-dog-dry-gr-gatoskilo,medium,32,,,,"Retailer-sourced row still needs review, but no critical blockers were detected.","Spot-check title, ingredients and source before enabling."
cautious_enable_only,low,Calibra,Calibra Vet Cat Gastrointestinal & Pancreas 2kg,cat,dry,,needs_review,retailer,calibra-vet-cat-gastrointestinal-and-pancreas-cat-dry-gr-gatoskilo,medium,32,,,,"Retailer-sourced row still needs review, but no critical blockers were detected.","Spot-check title, ingredients and source before enabling."
cautious_enable_only,low,Canagan,Canagan Country Game For Cats 1.5kg,cat,dry,,needs_review,retailer,canagan-country-game-for-cats-cat-dry-gr-gatoskilo,medium,44,,kcal_per_100g,,"Retailer-sourced row still needs review, but no critical blockers were detected.","Spot-check title, ingredients and source before enabling."
cautious_enable_only,low,Canagan,Canagan Free Range Turkey Dental For Cats 1.5kg,cat,dry,,needs_review,retailer,canagan-free-range-turkey-dental-for-cats-cat-dry-gr-gatoskilo,medium,44,,kcal_per_100g,,"Retailer-sourced row still needs review, but no critical blockers were detected.","Spot-check title, ingredients and source before enabling."
cautious_enable_only,low,Canagan,Canagan Free-Run Chicken For Cats 1.5kg,cat,dry,,needs_review,retailer,canagan-free-run-chicken-for-cats-cat-dry-gr-gatoskilo,medium,44,,kcal_per_100g,,"Retailer-sourced row still needs review, but no critical blockers were detected.","Spot-check title, ingredients and source before enabling."
cautious_enable_only,low,Canagan,Canagan Petite Chicken & Duck for Dogs 1.5kg,dog,dry,adult,needs_review,retailer,canagan-petite-chicken-and-duck-for-dogs-dog-dry-gr-gatoskilo,medium,44,,kcal_per_100g,,"Retailer-sourced row still needs review, but no critical blockers were detected.","Spot-check title, ingredients and source before enabling."
cautious_enable_only,low,Canagan,Canagan Petite Chicken & Salmon for Dogs 1.5kg,dog,dry,adult,needs_review,retailer,canagan-petite-chicken-and-salmon-for-dogs-dog-dry-gr-gatoskilo,medium,44,,kcal_per_100g,,"Retailer-sourced row still needs review, but no critical blockers were detected.","Spot-check title, ingredients and source before enabling."
cautious_enable_only,low,Carnilove,Carnilove Adult Cats Carp & Trout 6kg - Sterilized,cat,dry,adult,needs_review,retailer,carnilove-adult-cats-carp-and-trout-sterilized-cat-dry-gr-gatoskilo,medium,36,,,,"Retailer-sourced row still needs review, but no critical blockers were detected.","Spot-check title, ingredients and source before enabling."
cautious_enable_only,low,Carnilove,Carnilove Adult Cats Duck & Pheasant 6kg - Hairball Control,cat,dry,adult,needs_review,retailer,carnilove-adult-cats-duck-and-pheasant-hairball-control-cat-dry-gr-gatoskilo,medium,44,,,,"Retailer-sourced row still needs review, but no critical blockers were detected.","Spot-check title, ingredients and source before enabling."
cautious_enable_only,low,Carnilove,Carnilove Adult Cats Salmon 2kg - Sensitive & Long Hair,cat,dry,adult,needs_review,retailer,carnilove-adult-cats-salmon-sensitive-and-long-hair-cat-dry-gr-gatoskilo,medium,44,,,,"Retailer-sourced row still needs review, but no critical blockers were detected.","Spot-check title, ingredients and source before enabling."
cautious_enable_only,low,Carnilove,Carnilove Lamb & Wild Boar Adult 1.5kg,dog,dry,adult,needs_review,retailer,carnilove-lamb-and-wild-boar-adult-dog-dry-gr-gatoskilo,medium,36,,,,"Retailer-sourced row still needs review, but no critical blockers were detected.","Spot-check title, ingredients and source before enabling."
cautious_enable_only,low,Carnilove,Carnilove True Fresh Cat Adult & Sterilized Chicken 1.8kg,cat,dry,adult,needs_review,retailer,carnilove-true-fresh-cat-adult-and-sterilized-chicken-cat-dry-gr-gatoskilo,low,24,,,,"Retailer-sourced row still needs review, but no critical blockers were detected.","Spot-check title, ingredients and source before enabling."
cautious_enable_only,low,Carnilove,Carnilove True Fresh Cat Adult & Sterilized Fish 1.8kg,cat,dry,adult,needs_review,retailer,carnilove-true-fresh-cat-adult-and-sterilized-fish-cat-dry-gr-gatoskilo,low,24,,,,"Retailer-sourced row still needs review, but no critical blockers were detected.","Spot-check title, ingredients and source before enabling."
cautious_enable_only,low,Carnilove,Carnilove True Fresh Cat Adult & Sterilized Turkey 340gr,cat,dry,adult,needs_review,retailer,carnilove-true-fresh-cat-adult-and-sterilized-turkey-cat-dry-gr-gatoskilo,low,24,,,,"Retailer-sourced row still needs review, but no critical blockers were detected.","Spot-check title, ingredients and source before enabling."
cautious_enable_only,low,Cat Vital,Cat Vital Urinary Care / Sterilised 15kg,cat,dry,,needs_review,retailer,cat-vital-urinary-care-sterilised-cat-dry-gr-gatoskilo,medium,44,,,urinary,"Retailer-sourced row still needs review, but no critical blockers were detected.","Spot-check title, ingredients and source before enabling."
cautious_enable_only,low,Cennamo,Cennamo Diamant Cat Premium Micio Mix 15kg,cat,dry,,needs_review,retailer,cennamo-diamant-cat-premium-micio-mix-cat-dry-gr-gatoskilo,medium,48,,,,"Retailer-sourced row still needs review, but no critical blockers were detected.","Spot-check title, ingredients and source before enabling."
cautious_enable_only,low,Cennamo,Cennamo Diamant Cat Sterilized Chicken 15kg,cat,dry,,needs_review,retailer,cennamo-diamant-cat-sterilized-chicken-cat-dry-gr-gatoskilo,medium,44,,,,"Retailer-sourced row still needs review, but no critical blockers were detected.","Spot-check title, ingredients and source before enabling."
cautious_enable_only,low,Cennamo,Cennamo Diamant Cat Sterilized Fish 15kg,cat,dry,,needs_review,retailer,cennamo-diamant-cat-sterilized-fish-cat-dry-gr-gatoskilo,medium,44,,,,"Retailer-sourced row still needs review, but no critical blockers were detected.","Spot-check title, ingredients and source before enabling."
cautious_enable_only,low,Cennamo,Cennamo Diamant Dog Adult Lamb 15kg,dog,dry,adult,needs_review,retailer,cennamo-diamant-dog-adult-lamb-dog-dry-gr-gatoskilo,medium,48,,,,"Retailer-sourced row still needs review, but no critical blockers were detected.","Spot-check title, ingredients and source before enabling."
cautious_enable_only,low,Cennamo,Cennamo Diamant Dog Adult Medium 15kg,dog,dry,adult,needs_review,retailer,cennamo-diamant-dog-adult-medium-dog-dry-gr-gatoskilo,medium,48,,,,"Retailer-sourced row still needs review, but no critical blockers were detected.","Spot-check title, ingredients and source before enabling."
cautious_enable_only,low,Cennamo,Cennamo diamant premium adult mini με βοδινό,dog,dry,adult,needs_review,retailer,cennamo-diamant-premium-adult-mini-με-βοδινο-dog-dry-gr-retailer,medium,48,,,,"Retailer-sourced row still needs review, but no critical blockers were detected.","Spot-check title, ingredients and source before enabling."
cautious_enable_only,low,Cennamo,Cennamo Pluto Dog Adult 24/10 20kg,dog,dry,adult,needs_review,retailer,cennamo-pluto-dog-adult-24-10-dog-dry-gr-gatoskilo,medium,48,,,,"Retailer-sourced row still needs review, but no critical blockers were detected.","Spot-check title, ingredients and source before enabling."
cautious_enable_only,low,Cennamo,Cennamo Pluto Dog Adult Fish 15kg,dog,dry,adult,needs_review,retailer,cennamo-pluto-dog-adult-fish-dog-dry-gr-gatoskilo,medium,48,,,,"Retailer-sourced row still needs review, but no critical blockers were detected.","Spot-check title, ingredients and source before enabling."
cautious_enable_only,low,Cibau,Cibau Adult Medium 12kg + 2kg ΔΩΡΟ,dog,dry,adult,needs_review,retailer,cibau-adult-medium-δωρο-dog-dry-gr-gatoskilo,medium,48,,,,"Retailer-sourced row still needs review, but no critical blockers were detected.","Spot-check title, ingredients and source before enabling."
cautious_enable_only,low,Club 4 Paws,Club 4 Paws Adult All Breeds Lamb & Rice 14kg,dog,dry,adult,needs_review,retailer,club-4-paws-adult-all-breeds-lamb-and-rice-dog-dry-gr-gatoskilo,medium,40,,,,"Retailer-sourced row still needs review, but no critical blockers were detected.","Spot-check title, ingredients and source before enabling."
cautious_enable_only,low,Club 4 Paws,Club 4 Paws Adult Large Chicken 14kg,dog,dry,adult,needs_review,retailer,club-4-paws-adult-large-chicken-dog-dry-gr-gatoskilo,medium,40,,,,"Retailer-sourced row still needs review, but no critical blockers were detected.","Spot-check title, ingredients and source before enabling."
cautious_enable_only,low,Club 4 Paws,Club 4 Paws Adult Medium Chicken 2kg,dog,dry,adult,needs_review,retailer,club-4-paws-adult-medium-chicken-dog-dry-gr-gatoskilo,medium,40,,,,"Retailer-sourced row still needs review, but no critical blockers were detected.","Spot-check title, ingredients and source before enabling."
cautious_enable_only,low,Club 4 Paws,Club 4 Paws Adult Rabbit 14kg,cat,dry,adult,needs_review,retailer,club-4-paws-adult-rabbit-cat-dry-gr-gatoskilo,medium,40,,,,"Retailer-sourced row still needs review, but no critical blockers were detected.","Spot-check title, ingredients and source before enabling."
cautious_enable_only,low,Club 4 Paws,Club 4 Paws Adult Salmon 14kg,cat,dry,adult,needs_review,retailer,club-4-paws-adult-salmon-cat-dry-gr-gatoskilo,medium,40,,,,"Retailer-sourced row still needs review, but no critical blockers were detected.","Spot-check title, ingredients and source before enabling."
cautious_enable_only,low,Club 4 Paws,Club 4 Paws Adult Small Chicken 14kg,dog,dry,adult,needs_review,retailer,club-4-paws-adult-small-chicken-dog-dry-gr-gatoskilo,medium,40,,,,"Retailer-sourced row still needs review, but no critical blockers were detected.","Spot-check title, ingredients and source before enabling."
cautious_enable_only,low,Club 4 Paws,Club 4 Paws Adult Small Lamb & Rice 2kg,dog,dry,adult,needs_review,retailer,club-4-paws-adult-small-lamb-and-rice-dog-dry-gr-gatoskilo,medium,40,,,,"Retailer-sourced row still needs review, but no critical blockers were detected.","Spot-check title, ingredients and source before enabling."
cautious_enable_only,low,Club 4 Paws,Club 4 Paws Adult Small Light Turkey 5kg,dog,dry,adult,needs_review,retailer,club-4-paws-adult-small-light-turkey-dog-dry-gr-gatoskilo,medium,40,,,weight_control,"Retailer-sourced row still needs review, but no critical blockers were detected.","Spot-check title, ingredients and source before enabling."
cautious_enable_only,low,Club 4 Paws,Club 4 Paws Adult Veal 14kg,cat,dry,adult,needs_review,retailer,club-4-paws-adult-veal-cat-dry-gr-gatoskilo,medium,40,,,,"Retailer-sourced row still needs review, but no critical blockers were detected.","Spot-check title, ingredients and source before enabling."
cautious_enable_only,low,Club 4 Paws,Club 4 Paws Hairball Chicken 14kg,cat,dry,,needs_review,retailer,club-4-paws-hairball-chicken-cat-dry-gr-gatoskilo,medium,40,,,,"Retailer-sourced row still needs review, but no critical blockers were detected.","Spot-check title, ingredients and source before enabling."
cautious_enable_only,low,Club 4 Paws,Club 4 Paws Puppies All Breeds 14kg,dog,dry,adult,needs_review,retailer,club-4-paws-puppies-all-breeds-dog-dry-gr-gatoskilo,medium,40,,,,"Retailer-sourced row still needs review, but no critical blockers were detected.","Spot-check title, ingredients and source before enabling."
cautious_enable_only,low,Club 4 Paws,Club 4 Paws Puppies Large Breeds 14kg,dog,dry,adult,needs_review,retailer,club-4-paws-puppies-large-breeds-dog-dry-gr-gatoskilo,medium,40,,,,"Retailer-sourced row still needs review, but no critical blockers were detected.","Spot-check title, ingredients and source before enabling."
cautious_enable_only,low,Club 4 Paws,Club 4 Paws Selection Adult Duck & Vegetables 300gr,cat,dry,adult,needs_review,retailer,club-4-paws-selection-adult-duck-and-vegetables-cat-dry-gr-gatoskilo,medium,36,,,,"Retailer-sourced row still needs review, but no critical blockers were detected.","Spot-check title, ingredients and source before enabling."
cautious_enable_only,low,Club 4 Paws,Club 4 Paws Sterilized Chicken 14kg,cat,dry,,needs_review,retailer,club-4-paws-sterilized-chicken-cat-dry-gr-gatoskilo,medium,32,,,,"Retailer-sourced row still needs review, but no critical blockers were detected.","Spot-check title, ingredients and source before enabling."
cautious_enable_only,low,Club 4 Paws,Club 4 Paws Sterilized Salmon 14kg,cat,dry,,needs_review,retailer,club-4-paws-sterilized-salmon-cat-dry-gr-gatoskilo,medium,32,,,,"Retailer-sourced row still needs review, but no critical blockers were detected.","Spot-check title, ingredients and source before enabling."
cautious_enable_only,low,Club 4 Paws,Club 4 Paws Urinary Health Chicken 14kg,cat,dry,,needs_review,retailer,club-4-paws-urinary-health-chicken-cat-dry-gr-gatoskilo,medium,52,,,urinary,"Retailer-sourced row still needs review, but no critical blockers were detected.","Spot-check title, ingredients and source before enabling."
cautious_enable_only,low,Dr. Clauder,Dr Clauder's Best Choice Adult Sensitive Salmon & Rice 350gr,dog,dry,adult,needs_review,retailer,dr-clauder-dr-clauder-s-best-choice-adult-sensitive-salmon-and-rice-dog-dry-gr-gatoskilo,medium,52,,kcal_per_100g|moisture_percent,,"Retailer-sourced row still needs review, but no critical blockers were detected.","Spot-check title, ingredients and source before enabling."
cautious_enable_only,low,Equilibrio,Equilibrio Adult Small Breed 2kg,dog,dry,adult,needs_review,retailer,equilibrio-adult-small-breed-dog-dry-gr-gatoskilo,medium,52,,kcal_per_100g,,"Retailer-sourced row still needs review, but no critical blockers were detected.","Spot-check title, ingredients and source before enabling."
cautious_enable_only,low,Eukanuba,Eukanuba German Shepherd Adult,dog,dry,adult,needs_review,retailer,eukanuba-german-shepherd-adult-dog-dry-eu-retailer,medium,52,,kcal_per_100g,,"Retailer-sourced row still needs review, but no critical blockers were detected.","Spot-check title, ingredients and source before enabling."
cautious_enable_only,low,Eukanuba,Eukanuba Premium Nutrition Adult Large & Giant Breed Chicken,dog,dry,adult,needs_review,retailer,eukanuba-premium-nutrition-adult-large-giant-breed-chicken-dog-dry-eu-retailer,medium,56,,kcal_per_100g,,"Retailer-sourced row still needs review, but no critical blockers were detected.","Spot-check title, ingredients and source before enabling."
cautious_enable_only,low,Eukanuba,Eukanuba Premium Nutrition Adult Medium Breed Chicken,dog,dry,adult,needs_review,retailer,eukanuba-premium-nutrition-adult-medium-breed-chicken-dog-dry-eu-retailer,medium,56,,kcal_per_100g,,"Retailer-sourced row still needs review, but no critical blockers were detected.","Spot-check title, ingredients and source before enabling."
cautious_enable_only,low,Farmina,Farmina Vet Life Cat Diabetic 400gr,cat,dry,,needs_review,retailer,farmina-vet-life-cat-diabetic-cat-dry-gr-gatoskilo,medium,40,,,weight_control,"Retailer-sourced row still needs review, but no critical blockers were detected.","Spot-check title, ingredients and source before enabling."
cautious_enable_only,low,Farmina,Farmina Vet Life Cat GastroIntestinal 5kg,cat,dry,,needs_review,retailer,farmina-vet-life-cat-gastrointestinal-cat-dry-gr-gatoskilo,medium,32,,,,"Retailer-sourced row still needs review, but no critical blockers were detected.","Spot-check title, ingredients and source before enabling."
cautious_enable_only,low,Farmina,Farmina Vet Life Cat Hepatic 2kg,cat,dry,,needs_review,retailer,farmina-vet-life-cat-hepatic-cat-dry-gr-gatoskilo,medium,32,,,,"Retailer-sourced row still needs review, but no critical blockers were detected.","Spot-check title, ingredients and source before enabling."
cautious_enable_only,low,Farmina,Farmina Vet Life Cat Management Struvite 400gr,cat,dry,,needs_review,retailer,farmina-vet-life-cat-management-struvite-cat-dry-gr-gatoskilo,medium,52,,,urinary,"Retailer-sourced row still needs review, but no critical blockers were detected.","Spot-check title, ingredients and source before enabling."
cautious_enable_only,low,Farmina,Farmina Vet Life Cat Obesity 2kg,cat,dry,,needs_review,retailer,farmina-vet-life-cat-obesity-cat-dry-gr-gatoskilo,medium,40,,,obesity,"Retailer-sourced row still needs review, but no critical blockers were detected.","Spot-check title, ingredients and source before enabling."
cautious_enable_only,low,Farmina,Farmina Vet Life Dog GastroIntestinal 12kg,dog,dry,,needs_review,retailer,farmina-vet-life-dog-gastrointestinal-dog-dry-gr-gatoskilo,medium,32,,,,"Retailer-sourced row still needs review, but no critical blockers were detected.","Spot-check title, ingredients and source before enabling."
cautious_enable_only,low,Farmina,Farmina Vet Life Dog Hepatic 12kg,dog,dry,,needs_review,retailer,farmina-vet-life-dog-hepatic-dog-dry-gr-gatoskilo,medium,32,,,,"Retailer-sourced row still needs review, but no critical blockers were detected.","Spot-check title, ingredients and source before enabling."
cautious_enable_only,low,Farmina,Farmina Vet Life Dog Hypoallergenic Fish & Potato 12kg,dog,dry,,needs_review,retailer,farmina-vet-life-dog-hypoallergenic-fish-and-potato-dog-dry-gr-gatoskilo,medium,32,,,,"Retailer-sourced row still needs review, but no critical blockers were detected.","Spot-check title, ingredients and source before enabling."
cautious_enable_only,low,Farmina,Farmina Vet Life Dog Hypoallergenic Pork & Potato 12kg,dog,dry,,needs_review,retailer,farmina-vet-life-dog-hypoallergenic-pork-and-potato-dog-dry-gr-gatoskilo,medium,32,,,,"Retailer-sourced row still needs review, but no critical blockers were detected.","Spot-check title, ingredients and source before enabling."
cautious_enable_only,low,Farmina,Farmina Vet Life Dog Intestinal Ultra Care 1.5kg,dog,dry,,needs_review,retailer,farmina-vet-life-dog-intestinal-ultra-care-dog-dry-gr-gatoskilo,medium,32,,,,"Retailer-sourced row still needs review, but no critical blockers were detected.","Spot-check title, ingredients and source before enabling."
cautious_enable_only,low,Farmina,Farmina Vet Life Dog UltraHypoallergenic 12kg,dog,dry,,needs_review,retailer,farmina-vet-life-dog-ultrahypoallergenic-dog-dry-gr-gatoskilo,medium,32,,,,"Retailer-sourced row still needs review, but no critical blockers were detected.","Spot-check title, ingredients and source before enabling."
cautious_enable_only,low,Gemon,Gemon Cat Urinary Chicken & Rice 20kg,cat,dry,,needs_review,retailer,gemon-cat-urinary-chicken-and-rice-cat-dry-gr-gatoskilo,medium,52,,,urinary,"Retailer-sourced row still needs review, but no critical blockers were detected.","Spot-check title, ingredients and source before enabling."
cautious_enable_only,low,Gemon,Gemon Dog Adult All Breeds Chicken & Rice 20kg,dog,dry,adult,needs_review,retailer,gemon-dog-adult-all-breeds-chicken-and-rice-dog-dry-gr-gatoskilo,medium,48,,,,"Retailer-sourced row still needs review, but no critical blockers were detected.","Spot-check title, ingredients and source before enabling."
cautious_enable_only,low,Gemon,Gemon Dog Adult Maxi Chicken & Rice 20kg,dog,dry,adult,needs_review,retailer,gemon-dog-adult-maxi-chicken-and-rice-dog-dry-gr-gatoskilo,medium,48,,,,"Retailer-sourced row still needs review, but no critical blockers were detected.","Spot-check title, ingredients and source before enabling."
cautious_enable_only,low,Gemon,Gemon Dog Adult Mini Salmon & Rice 20kg,dog,dry,adult,needs_review,retailer,gemon-dog-adult-mini-salmon-and-rice-dog-dry-gr-gatoskilo,medium,48,,,,"Retailer-sourced row still needs review, but no critical blockers were detected.","Spot-check title, ingredients and source before enabling."
cautious_enable_only,low,Happy Cat,Happy Cat Minkas Perfect Mix 10kg,cat,dry,,needs_review,retailer,happy-cat-minkas-perfect-mix-cat-dry-gr-gatoskilo,medium,48,,kcal_per_100g|moisture_percent,,"Retailer-sourced row still needs review, but no critical blockers were detected.","Spot-check title, ingredients and source before enabling."
cautious_enable_only,low,Happy Cat,Happy Cat Minkas Sterilised 1.5kg,cat,dry,,needs_review,retailer,happy-cat-minkas-sterilised-cat-dry-gr-gatoskilo,medium,56,,kcal_per_100g|moisture_percent,,"Retailer-sourced row still needs review, but no critical blockers were detected.","Spot-check title, ingredients and source before enabling."
cautious_enable_only,low,Happy Cat,Happy Cat Minkas Sterilised Salmon 10kg,cat,dry,,needs_review,retailer,happy-cat-minkas-sterilised-salmon-cat-dry-gr-gatoskilo,medium,52,,kcal_per_100g|moisture_percent,,"Retailer-sourced row still needs review, but no critical blockers were detected.","Spot-check title, ingredients and source before enabling."
cautious_enable_only,low,Happy Cat,Happy Cat Supreme Sterilised Beef 10kg,cat,dry,,needs_review,retailer,happy-cat-supreme-sterilised-beef-cat-dry-gr-gatoskilo,medium,40,,,,"Retailer-sourced row still needs review, but no critical blockers were detected.","Spot-check title, ingredients and source before enabling."
cautious_enable_only,low,Happy Cat,Happy Cat Supreme Sterilised Lamb 10kg,cat,dry,,needs_review,retailer,happy-cat-supreme-sterilised-lamb-cat-dry-gr-gatoskilo,medium,40,,,,"Retailer-sourced row still needs review, but no critical blockers were detected.","Spot-check title, ingredients and source before enabling."
cautious_enable_only,low,Happy Cat,Happy Cat Supreme Sterilised Salmon 10kg,cat,dry,,needs_review,retailer,happy-cat-supreme-sterilised-salmon-cat-dry-gr-gatoskilo,medium,40,,,,"Retailer-sourced row still needs review, but no critical blockers were detected.","Spot-check title, ingredients and source before enabling."
cautious_enable_only,low,Happy Dog,Happy Dog Dog's Favorite Beef 15kg,dog,dry,,needs_review,retailer,happy-dog-dog-s-favorite-beef-dog-dry-gr-gatoskilo,medium,48,,kcal_per_100g|moisture_percent,,"Retailer-sourced row still needs review, but no critical blockers were detected.","Spot-check title, ingredients and source before enabling."
cautious_enable_only,low,Happy Dog,Happy Dog Fit & Vital Adult Mini 10kg,dog,dry,adult,needs_review,retailer,happy-dog-fit-and-vital-adult-mini-dog-dry-gr-gatoskilo,medium,56,,kcal_per_100g|moisture_percent,,"Retailer-sourced row still needs review, but no critical blockers were detected.","Spot-check title, ingredients and source before enabling."
cautious_enable_only,low,Happy Dog,Happy Dog Ireland 11kg,dog,dry,,needs_review,retailer,happy-dog-ireland-dog-dry-gr-gatoskilo,medium,52,,kcal_per_100g|moisture_percent,,"Retailer-sourced row still needs review, but no critical blockers were detected.","Spot-check title, ingredients and source before enabling."
cautious_enable_only,low,Happy Dog,Happy Dog Karibik 11kg,dog,dry,,needs_review,retailer,happy-dog-karibik-dog-dry-gr-gatoskilo,medium,56,,kcal_per_100g|moisture_percent,,"Retailer-sourced row still needs review, but no critical blockers were detected.","Spot-check title, ingredients and source before enabling."
cautious_enable_only,low,Happy Dog,Happy Dog Mini Neuseeland 10kg,dog,dry,,needs_review,retailer,happy-dog-mini-neuseeland-dog-dry-gr-gatoskilo,medium,56,,kcal_per_100g|moisture_percent,,"Retailer-sourced row still needs review, but no critical blockers were detected.","Spot-check title, ingredients and source before enabling."
cautious_enable_only,low,Happy Dog,Happy Dog Mini Toscana 10kg,dog,dry,,needs_review,retailer,happy-dog-mini-toscana-dog-dry-gr-gatoskilo,medium,52,,kcal_per_100g|moisture_percent,,"Retailer-sourced row still needs review, but no critical blockers were detected.","Spot-check title, ingredients and source before enabling."
cautious_enable_only,low,Happy Dog,Happy Dog NaturCroq Σολομός & Ρύζι 11kg,dog,dry,,needs_review,retailer,happy-dog-naturcroq-σολομοσ-and-ρυζι-dog-dry-gr-gatoskilo,medium,56,,kcal_per_100g|moisture_percent,,"Retailer-sourced row still needs review, but no critical blockers were detected.","Spot-check title, ingredients and source before enabling."
cautious_enable_only,low,Happy Dog,Happy Dog NaturCroq Adult Chicken 4kg,dog,dry,adult,needs_review,retailer,happy-dog-naturcroq-adult-chicken-dog-dry-gr-gatoskilo,medium,56,,kcal_per_100g|moisture_percent,,"Retailer-sourced row still needs review, but no critical blockers were detected.","Spot-check title, ingredients and source before enabling."
cautious_enable_only,low,Happy Dog,Happy Dog NaturCroq Duck & Rice Sterilised 11kg,dog,dry,adult,needs_review,retailer,happy-dog-naturcroq-duck-rice-sterilised-dog-dry-gr-retailer,medium,48,,kcal_per_100g|moisture_percent,,"Retailer-sourced row still needs review, but no critical blockers were detected.","Spot-check title, ingredients and source before enabling."
cautious_enable_only,low,Happy Dog,Happy Dog NaturCroq Lamb & Rice 11kg,dog,dry,,needs_review,retailer,happy-dog-naturcroq-lamb-and-rice-dog-dry-gr-gatoskilo,medium,56,,kcal_per_100g|moisture_percent,,"Retailer-sourced row still needs review, but no critical blockers were detected.","Spot-check title, ingredients and source before enabling."
cautious_enable_only,low,Happy Dog,Happy Dog Neuseeland 12.5kg,dog,dry,,needs_review,retailer,happy-dog-neuseeland-dog-dry-gr-gatoskilo,medium,56,,kcal_per_100g|moisture_percent,,"Retailer-sourced row still needs review, but no critical blockers were detected.","Spot-check title, ingredients and source before enabling."
cautious_enable_only,low,Happy Dog,Happy Dog Profi High Energy 30/20 20kg,dog,dry,,needs_review,retailer,happy-dog-profi-high-energy-30-20-dog-dry-gr-gatoskilo,medium,56,,kcal_per_100g|moisture_percent,,"Retailer-sourced row still needs review, but no critical blockers were detected.","Spot-check title, ingredients and source before enabling."
cautious_enable_only,low,Harper & Bone,Harper & Bone Cat Sterilised Flavours Farm 2kg,cat,dry,adult,needs_review,retailer,harper-and-bone-cat-sterilised-flavours-farm-cat-dry-gr-gatoskilo,medium,32,,,,"Retailer-sourced row still needs review, but no critical blockers were detected.","Spot-check title, ingredients and source before enabling."
cautious_enable_only,low,Harper & Bone,Harper & Bone Cat Sterilised Fresh Market 2kg,cat,dry,adult,needs_review,retailer,harper-and-bone-cat-sterilised-fresh-market-cat-dry-gr-gatoskilo,medium,32,,,,"Retailer-sourced row still needs review, but no critical blockers were detected.","Spot-check title, ingredients and source before enabling."
cautious_enable_only,low,Harper & Bone,Harper & Bone Cat Sterilised Ocean Wonders 2kg,cat,dry,adult,needs_review,retailer,harper-and-bone-cat-sterilised-ocean-wonders-cat-dry-gr-gatoskilo,medium,32,,,,"Retailer-sourced row still needs review, but no critical blockers were detected.","Spot-check title, ingredients and source before enabling."
cautious_enable_only,low,Harper & Bone,Harper & Bone Cat Sterilised Wild Mountain 2kg,cat,dry,adult,needs_review,retailer,harper-and-bone-cat-sterilised-wild-mountain-cat-dry-gr-gatoskilo,medium,32,,,,"Retailer-sourced row still needs review, but no critical blockers were detected.","Spot-check title, ingredients and source before enabling."
cautious_enable_only,low,Harper & Bone,Harper & Bone Kitten Flavours Farm 2kg,cat,dry,kitten,needs_review,retailer,harper-and-bone-kitten-flavours-farm-cat-dry-gr-gatoskilo,medium,52,,,kitten,"Retailer-sourced row still needs review, but no critical blockers were detected.","Spot-check title, ingredients and source before enabling."
cautious_enable_only,low,Hi,Hi Dog Adult Fresh Chicken 2.5kg,dog,dry,adult,needs_review,retailer,hi-dog-adult-fresh-chicken-dog-dry-gr-gatoskilo,medium,36,,,,"Retailer-sourced row still needs review, but no critical blockers were detected.","Spot-check title, ingredients and source before enabling."
cautious_enable_only,low,Hi,Hi Dog Adult Fresh Chicken Low Calories 10kg,dog,dry,adult,needs_review,retailer,hi-dog-adult-fresh-chicken-low-calories-dog-dry-gr-gatoskilo,medium,36,,,,"Retailer-sourced row still needs review, but no critical blockers were detected.","Spot-check title, ingredients and source before enabling."
cautious_enable_only,low,Hi,Hi Dog Adult Fresh Salmon 10kg,dog,dry,adult,needs_review,retailer,hi-dog-adult-fresh-salmon-dog-dry-gr-gatoskilo,medium,36,,,,"Retailer-sourced row still needs review, but no critical blockers were detected.","Spot-check title, ingredients and source before enabling."
cautious_enable_only,low,Hi,Hi Dog Adult Fresh Salmon Low Calories 2.5kg,dog,dry,adult,needs_review,retailer,hi-dog-adult-fresh-salmon-low-calories-dog-dry-gr-gatoskilo,medium,36,,,,"Retailer-sourced row still needs review, but no critical blockers were detected.","Spot-check title, ingredients and source before enabling."
cautious_enable_only,low,Hi,Hi Dog Puppy Fresh Chicken 10kg,dog,dry,puppy,needs_review,retailer,hi-dog-puppy-fresh-chicken-dog-dry-gr-gatoskilo,medium,52,,,puppy,"Retailer-sourced row still needs review, but no critical blockers were detected.","Spot-check title, ingredients and source before enabling."
cautious_enable_only,low,Hill's Prescription Diet,Hill's Prescription Diet w/d Diabetes Care - Chicken,dog,dry,adult,needs_review,retailer,hill-s-prescription-diet-w-d-diabetes-care-chicken-dog-dry-eu-retailer,medium,56,,kcal_per_100g,,"Retailer-sourced row still needs review, but no critical blockers were detected.","Spot-check title, ingredients and source before enabling."
cautious_enable_only,low,Hill's Prescription Diet,Hill's Prescription Diet z/d Food Sensitivities,dog,dry,adult,needs_review,retailer,hill-s-prescription-diet-z-d-food-sensitivities-dog-dry-eu-retailer,medium,56,,kcal_per_100g,,"Retailer-sourced row still needs review, but no critical blockers were detected.","Spot-check title, ingredients and source before enabling."
cautious_enable_only,low,Hill's Science Plan,Hill's Science Plan Adult 1-5 Large with Chicken,dog,dry,adult,needs_review,retailer,hill-s-science-plan-adult-1-5-large-with-chicken-dog-dry-eu-retailer,medium,56,,kcal_per_100g,,"Retailer-sourced row still needs review, but no critical blockers were detected.","Spot-check title, ingredients and source before enabling."
cautious_enable_only,low,Hill's Science Plan,Hill’s Science Plan Adult 1-6 Medium with Chicken,dog,dry,adult,needs_review,retailer,hill-s-science-plan-hill-s-science-plan-adult-1-6-medium-with-chicken-dog-dry-eu-retailer,medium,56,,kcal_per_100g,,"Retailer-sourced row still needs review, but no critical blockers were detected.","Spot-check title, ingredients and source before enabling."
cautious_enable_only,low,Hill's Science Plan,Hill’s Science Plan Mature Adult 6+ Large with Chicken,dog,dry,adult,needs_review,retailer,hill-s-science-plan-hill-s-science-plan-mature-adult-6-large-with-chicken-dog-dry-eu-retailer,medium,56,,kcal_per_100g,,"Retailer-sourced row still needs review, but no critical blockers were detected.","Spot-check title, ingredients and source before enabling."
cautious_enable_only,low,Hills,Hill's PD Canine i/d Low Fat Active Biome+ 12kg,dog,dry,,needs_review,retailer,hills-hill-s-pd-canine-i-d-low-fat-active-biome-dog-dry-gr-gatoskilo,medium,56,,kcal_per_100g|moisture_percent,,"Retailer-sourced row still needs review, but no critical blockers were detected.","Spot-check title, ingredients and source before enabling."
cautious_enable_only,low,Hills,Hill's PD Canine i/d Sensitive Active Biome+ 12kg,dog,dry,adult,needs_review,retailer,hills-hill-s-pd-canine-i-d-sensitive-active-biome-dog-dry-gr-gatoskilo,medium,56,,kcal_per_100g|moisture_percent,,"Retailer-sourced row still needs review, but no critical blockers were detected.","Spot-check title, ingredients and source before enabling."
cautious_enable_only,low,Hills,Hill's PD Canine j/d Joint Care με Κοτόπουλο 1.5kg,dog,dry,,needs_review,retailer,hills-hill-s-pd-canine-j-d-joint-care-με-κοτοπουλο-dog-dry-gr-gatoskilo,medium,56,,kcal_per_100g|moisture_percent,,"Retailer-sourced row still needs review, but no critical blockers were detected.","Spot-check title, ingredients and source before enabling."
cautious_enable_only,low,Hills,Hill's PD Canine k/d Kidney Care & Mobility 12kg,dog,dry,,needs_review,retailer,hills-hill-s-pd-canine-k-d-kidney-care-and-mobility-dog-dry-gr-gatoskilo,medium,52,,kcal_per_100g|moisture_percent,,"Retailer-sourced row still needs review, but no critical blockers were detected.","Spot-check title, ingredients and source before enabling."
cautious_enable_only,low,Hills,Hill's PD Canine On Care 1.5kg,dog,dry,,needs_review,retailer,hills-hill-s-pd-canine-on-care-dog-dry-gr-gatoskilo,medium,56,,kcal_per_100g|moisture_percent,,"Retailer-sourced row still needs review, but no critical blockers were detected.","Spot-check title, ingredients and source before enabling."
cautious_enable_only,low,Hills,Hill's PD Feline i/d Digestive Care Active Biome+ με Κοτόπουλο 3kg,cat,dry,adult,needs_review,retailer,hills-hill-s-pd-feline-i-d-digestive-care-active-biome-με-κοτοπουλο-cat-dry-gr-gatoskilo,medium,56,,kcal_per_100g|moisture_percent,,"Retailer-sourced row still needs review, but no critical blockers were detected.","Spot-check title, ingredients and source before enabling."
cautious_enable_only,low,Hills,Hill's PD Feline k/d Kidney Care με Κοτόπουλο 3kg,cat,dry,,needs_review,retailer,hills-hill-s-pd-feline-k-d-kidney-care-με-κοτοπουλο-cat-dry-gr-gatoskilo,medium,56,,kcal_per_100g|moisture_percent,,"Retailer-sourced row still needs review, but no critical blockers were detected.","Spot-check title, ingredients and source before enabling."
cautious_enable_only,low,Hills,Hill's PD Feline Metabolic Weight Management με Κοτόπουλο 3kg,cat,dry,,needs_review,retailer,hills-hill-s-pd-feline-metabolic-weight-management-με-κοτοπουλο-cat-dry-gr-gatoskilo,medium,48,,,weight_control,"Retailer-sourced row still needs review, but no critical blockers were detected.","Spot-check title, ingredients and source before enabling."
cautious_enable_only,low,Hills,Hill's PD Feline On Care με Κοτόπουλο 1.5kg,cat,dry,,needs_review,retailer,hills-hill-s-pd-feline-on-care-με-κοτοπουλο-cat-dry-gr-gatoskilo,medium,56,,kcal_per_100g|moisture_percent,,"Retailer-sourced row still needs review, but no critical blockers were detected.","Spot-check title, ingredients and source before enabling."
cautious_enable_only,low,Hills,Hill's PD Feline r/d Weight Reduction με Κοτόπουλο 3kg,cat,dry,,needs_review,retailer,hills-hill-s-pd-feline-r-d-weight-reduction-με-κοτοπουλο-cat-dry-gr-gatoskilo,medium,48,,,weight_control,"Retailer-sourced row still needs review, but no critical blockers were detected.","Spot-check title, ingredients and source before enabling."
cautious_enable_only,low,Hills,Hill's PD Feline w/d Multi Benefit με Κοτόπουλο 3kg,cat,dry,,needs_review,retailer,hills-hill-s-pd-feline-w-d-multi-benefit-με-κοτοπουλο-cat-dry-gr-gatoskilo,medium,56,,kcal_per_100g|moisture_percent,,"Retailer-sourced row still needs review, but no critical blockers were detected.","Spot-check title, ingredients and source before enabling."
cautious_enable_only,low,Hills,Hill's PD Feline y/d Thyroid Care 1.5kg,cat,dry,,needs_review,retailer,hills-hill-s-pd-feline-y-d-thyroid-care-cat-dry-gr-gatoskilo,medium,56,,kcal_per_100g|moisture_percent,,"Retailer-sourced row still needs review, but no critical blockers were detected.","Spot-check title, ingredients and source before enabling."
cautious_enable_only,low,Hills,Hill's PD Feline z/d Food Sensitivities Active Biome+ 1.5kg,cat,dry,,needs_review,retailer,hills-hill-s-pd-feline-z-d-food-sensitivities-active-biome-cat-dry-gr-gatoskilo,medium,56,,kcal_per_100g|moisture_percent,,"Retailer-sourced row still needs review, but no critical blockers were detected.","Spot-check title, ingredients and source before enabling."
cautious_enable_only,low,Hills,Hill's SP Adult Αρνί & Ρύζι 1.5kg,cat,dry,adult,needs_review,retailer,hills-hill-s-sp-adult-αρνι-and-ρυζι-cat-dry-gr-gatoskilo,medium,56,,kcal_per_100g|moisture_percent,,"Retailer-sourced row still needs review, but no critical blockers were detected.","Spot-check title, ingredients and source before enabling."
cautious_enable_only,low,Hills,Hill's SP Adult Κοτόπουλο 15kg,cat,dry,adult,needs_review,retailer,hills-hill-s-sp-adult-κοτοπουλο-cat-dry-gr-gatoskilo,medium,56,,kcal_per_100g|moisture_percent,,"Retailer-sourced row still needs review, but no critical blockers were detected.","Spot-check title, ingredients and source before enabling."
cautious_enable_only,low,Hills,Hill's SP Adult Τόνος 300gr,cat,dry,adult,needs_review,retailer,hills-hill-s-sp-adult-τονοσ-cat-dry-gr-gatoskilo,medium,44,,,,"Retailer-sourced row still needs review, but no critical blockers were detected.","Spot-check title, ingredients and source before enabling."
cautious_enable_only,low,Hills,Hill's SP Adult Hairball & Perfect Coat Κοτόπουλο 1.5kg,cat,dry,adult,needs_review,retailer,hills-hill-s-sp-adult-hairball-and-perfect-coat-κοτοπουλο-cat-dry-gr-gatoskilo,medium,56,,kcal_per_100g|moisture_percent,,"Retailer-sourced row still needs review, but no critical blockers were detected.","Spot-check title, ingredients and source before enabling."
cautious_enable_only,low,Hills,Hill's SP Adult Medium Αρνί & Ρύζι 2.5kg,dog,dry,adult,needs_review,retailer,hills-hill-s-sp-adult-medium-αρνι-and-ρυζι-dog-dry-gr-gatoskilo,medium,52,,kcal_per_100g|moisture_percent,,"Retailer-sourced row still needs review, but no critical blockers were detected.","Spot-check title, ingredients and source before enabling."
cautious_enable_only,low,Hills,Hill's SP Adult Oral Care 1.5kg,cat,dry,adult,needs_review,retailer,hills-hill-s-sp-adult-oral-care-cat-dry-gr-gatoskilo,medium,44,,,,"Retailer-sourced row still needs review, but no critical blockers were detected.","Spot-check title, ingredients and source before enabling."
cautious_enable_only,low,Hills,Hill's SP Mature Adult Κοτόπουλο 3kg,cat,dry,adult,needs_review,retailer,hills-hill-s-sp-mature-adult-κοτοπουλο-cat-dry-gr-gatoskilo,medium,40,,,,"Retailer-sourced row still needs review, but no critical blockers were detected.","Spot-check title, ingredients and source before enabling."
cautious_enable_only,low,Hills,Hill's SP Mature Sterilised Cat Κοτόπουλο 3kg,cat,dry,,needs_review,retailer,hills-hill-s-sp-mature-sterilised-cat-κοτοπουλο-cat-dry-gr-gatoskilo,medium,56,,kcal_per_100g|moisture_percent,,"Retailer-sourced row still needs review, but no critical blockers were detected.","Spot-check title, ingredients and source before enabling."
eligible_after_admin_choice,low,Josera,Josera Active Nature,dog,dry,adult,needs_review,official,josera-active-nature-dog-dry-eu-official,medium,34,,,,No critical recommendation blocker was detected in the current artifacts.,Admin may enable based on commercial/brand decision.
eligible_after_admin_choice,low,Josera,Josera FESTIVAL,dog,dry,adult,needs_review,official,josera-festival-dog-dry-eu-official,medium,38,,,,No critical recommendation blocker was detected in the current artifacts.,Admin may enable based on commercial/brand decision.
eligible_after_admin_choice,low,Josera,Josera FIESTAPLUS,dog,dry,adult,needs_review,official,josera-fiestaplus-dog-dry-eu-official,medium,34,,,,No critical recommendation blocker was detected in the current artifacts.,Admin may enable based on commercial/brand decision.
eligible_after_admin_choice,low,Josera,Josera GASTRO DOG DRY,dog,dry,adult,needs_review,official,josera-gastro-dog-dry-dog-dry-eu-official,medium,54,,,gi_support,No critical recommendation blocker was detected in the current artifacts.,Admin may enable based on commercial/brand decision.
eligible_after_admin_choice,low,Josera,Josera HEART DOG DRY,dog,dry,adult,needs_review,official,josera-heart-dog-dry-dog-dry-eu-official,medium,34,,,,No critical recommendation blocker was detected in the current artifacts.,Admin may enable based on commercial/brand decision.
eligible_after_admin_choice,low,Josera,Josera HIGH PROTEIN CHICKEN,dog,dry,adult,needs_review,official,josera-high-protein-chicken-dog-dry-eu-official,medium,38,,,,No critical recommendation blocker was detected in the current artifacts.,Admin may enable based on commercial/brand decision.
eligible_after_admin_choice,low,Josera,Josera HIGH PROTEIN SEA FISH,dog,dry,adult,needs_review,official,josera-high-protein-sea-fish-dog-dry-eu-official,medium,34,,,,No critical recommendation blocker was detected in the current artifacts.,Admin may enable based on commercial/brand decision.
eligible_after_admin_choice,low,Josera,Josera HYPOALLERGENIC DOG DRY,dog,dry,adult,needs_review,official,josera-hypoallergenic-dog-dry-dog-dry-eu-official,medium,42,,,allergy,No critical recommendation blocker was detected in the current artifacts.,Admin may enable based on commercial/brand decision.
eligible_after_admin_choice,low,Josera,Josera KNUSPIES,dog,dry,adult,needs_review,official,josera-knuspies-dog-dry-eu-official,medium,38,,,,No critical recommendation blocker was detected in the current artifacts.,Admin may enable based on commercial/brand decision.
eligible_after_admin_choice,low,Josera,Josera LAMB & SWEET POTATO,dog,dry,adult,needs_review,official,josera-lamb-sweet-potato-dog-dry-eu-official,medium,34,,,,No critical recommendation blocker was detected in the current artifacts.,Admin may enable based on commercial/brand decision.
eligible_after_admin_choice,low,Josera,Josera LIVER DOG DRY,dog,dry,adult,needs_review,official,josera-liver-dog-dry-dog-dry-eu-official,medium,34,,,,No critical recommendation blocker was detected in the current artifacts.,Admin may enable based on commercial/brand decision.
eligible_after_admin_choice,low,Josera,Josera MEAT LOVERS PURE BEEF,dog,dry,adult,needs_review,official,josera-meat-lovers-pure-beef-dog-dry-eu-official,medium,38,,,,No critical recommendation blocker was detected in the current artifacts.,Admin may enable based on commercial/brand decision.
eligible_after_admin_choice,low,Josera,Josera MEAT LOVERS PURE CHICKEN,dog,dry,adult,needs_review,official,josera-meat-lovers-pure-chicken-dog-dry-eu-official,medium,38,,,,No critical recommendation blocker was detected in the current artifacts.,Admin may enable based on commercial/brand decision.
eligible_after_admin_choice,low,Josera,Josera MEAT LOVERS PURE TURKEY,dog,dry,adult,needs_review,official,josera-meat-lovers-pure-turkey-dog-dry-eu-official,medium,38,,,,No critical recommendation blocker was detected in the current artifacts.,Admin may enable based on commercial/brand decision.
eligible_after_admin_choice,low,Josera,Josera MEDI/MAXI CHICKEN & RICE,dog,dry,adult,needs_review,official,josera-medi-maxi-chicken-rice-dog-dry-eu-official,medium,34,,,,No critical recommendation blocker was detected in the current artifacts.,Admin may enable based on commercial/brand decision.
eligible_after_admin_choice,low,Josera,Josera MEDI/MAXI DUCK & SWEET POTATO,dog,dry,adult,needs_review,official,josera-medi-maxi-duck-sweet-potato-dog-dry-eu-official,medium,34,,,,No critical recommendation blocker was detected in the current artifacts.,Admin may enable based on commercial/brand decision.
eligible_after_admin_choice,low,Josera,Josera MINI CHICKEN & RICE,dog,dry,adult,needs_review,official,josera-mini-chicken-rice-dog-dry-eu-official,medium,38,,,,No critical recommendation blocker was detected in the current artifacts.,Admin may enable based on commercial/brand decision.
eligible_after_admin_choice,low,Josera,Josera MINI DUCK & POTATO,dog,dry,adult,needs_review,official,josera-mini-duck-potato-dog-dry-eu-official,medium,34,,,,No critical recommendation blocker was detected in the current artifacts.,Admin may enable based on commercial/brand decision.
eligible_after_admin_choice,low,Josera,Josera MINI LAMB,dog,dry,adult,needs_review,official,josera-mini-lamb-dog-dry-eu-official,medium,34,,,,No critical recommendation blocker was detected in the current artifacts.,Admin may enable based on commercial/brand decision.
eligible_after_admin_choice,low,Josera,Josera MINI LAMB & SWEET POTATO,dog,dry,adult,needs_review,official,josera-mini-lamb-sweet-potato-dog-dry-eu-official,medium,34,,,,No critical recommendation blocker was detected in the current artifacts.,Admin may enable based on commercial/brand decision.
eligible_after_admin_choice,low,Josera,Josera MINI SALMON & CHICKEN,dog,dry,adult,needs_review,official,josera-mini-salmon-chicken-dog-dry-eu-official,medium,34,,,,No critical recommendation blocker was detected in the current artifacts.,Admin may enable based on commercial/brand decision.
eligible_after_admin_choice,low,Josera,Josera OPTINESS,dog,dry,adult,needs_review,official,josera-optiness-dog-dry-eu-official,medium,34,,,,No critical recommendation blocker was detected in the current artifacts.,Admin may enable based on commercial/brand decision.
eligible_after_admin_choice,low,Josera,Josera SALMON & POTATO,dog,dry,adult,needs_review,official,josera-salmon-potato-dog-dry-eu-official,medium,38,,,,No critical recommendation blocker was detected in the current artifacts.,Admin may enable based on commercial/brand decision.
eligible_after_admin_choice,low,Josera,Josera WEIGHT & DIABETIC DOG DRY,dog,dry,adult,needs_review,official,josera-weight-diabetic-dog-dry-dog-dry-eu-official,medium,42,,,weight_control,No critical recommendation blocker was detected in the current artifacts.,Admin may enable based on commercial/brand decision.
eligible_after_admin_choice,low,JosiDog,JOSIDOG ACTIVE,dog,dry,adult,needs_review,official,josidog-active-dog-dry-eu-official,medium,38,,,,No critical recommendation blocker was detected in the current artifacts.,Admin may enable based on commercial/brand decision.
eligible_after_admin_choice,low,JosiDog,JOSIDOG ADULT SENSITIVE,dog,dry,adult,needs_review,official,josidog-adult-sensitive-dog-dry-eu-official,medium,38,,,,No critical recommendation blocker was detected in the current artifacts.,Admin may enable based on commercial/brand decision.
eligible_after_admin_choice,low,JosiDog,JOSIDOG AGILO SPORT,dog,dry,adult,needs_review,official,josidog-agilo-sport-dog-dry-eu-official,medium,38,,,,No critical recommendation blocker was detected in the current artifacts.,Admin may enable based on commercial/brand decision.
eligible_after_admin_choice,low,JosiDog,JOSIDOG ECONOMY,dog,dry,adult,needs_review,official,josidog-economy-dog-dry-eu-official,medium,38,,,,No critical recommendation blocker was detected in the current artifacts.,Admin may enable based on commercial/brand decision.
eligible_after_admin_choice,low,JosiDog,JOSIDOG LAMB BASIC,dog,dry,adult,needs_review,official,josidog-lamb-basic-dog-dry-eu-official,medium,38,,,,No critical recommendation blocker was detected in the current artifacts.,Admin may enable based on commercial/brand decision.
eligible_after_admin_choice,low,JosiDog,JOSIDOG MASTER MIX,dog,dry,adult,needs_review,official,josidog-master-mix-dog-dry-eu-official,medium,38,,,,No critical recommendation blocker was detected in the current artifacts.,Admin may enable based on commercial/brand decision.
eligible_after_admin_choice,low,JosiDog,JOSIDOG MINI,dog,dry,adult,needs_review,official,josidog-mini-dog-dry-eu-official,medium,38,,,,No critical recommendation blocker was detected in the current artifacts.,Admin may enable based on commercial/brand decision.
cautious_enable_only,low,Kudo,Kudo Adriatic Fish Medium & Maxi Adult 12kg,dog,dry,adult,needs_review,retailer,kudo-adriatic-fish-medium-and-maxi-adult-dog-dry-gr-gatoskilo,medium,48,,kcal_per_100g,,"Retailer-sourced row still needs review, but no critical blockers were detected.","Spot-check title, ingredients and source before enabling."
cautious_enable_only,low,Kudo,Kudo Adriatic Lamb & Rice Medium & Maxi Adult 3kg,dog,dry,adult,needs_review,retailer,kudo-adriatic-lamb-and-rice-medium-and-maxi-adult-dog-dry-gr-gatoskilo,medium,40,,,,"Retailer-sourced row still needs review, but no critical blockers were detected.","Spot-check title, ingredients and source before enabling."
cautious_enable_only,low,Kudo,Kudo Adriatic Red Meat & Vegetables Medium & Maxi Adult 3kg,dog,dry,adult,needs_review,retailer,kudo-adriatic-red-meat-and-vegetables-medium-and-maxi-adult-dog-dry-gr-gatoskilo,medium,48,,kcal_per_100g,,"Retailer-sourced row still needs review, but no critical blockers were detected.","Spot-check title, ingredients and source before enabling."
cautious_enable_only,low,Kudo,Kudo Chicken & Vegetables Adult All Breeds 12kg,dog,dry,adult,needs_review,retailer,kudo-chicken-and-vegetables-adult-all-breeds-dog-dry-gr-gatoskilo,medium,48,,kcal_per_100g,,"Retailer-sourced row still needs review, but no critical blockers were detected.","Spot-check title, ingredients and source before enabling."
cautious_enable_only,low,Kudo,Kudo Turkey & Duck Mini Adult 3kg,dog,dry,adult,needs_review,retailer,kudo-turkey-and-duck-mini-adult-dog-dry-gr-gatoskilo,medium,48,,kcal_per_100g,,"Retailer-sourced row still needs review, but no critical blockers were detected.","Spot-check title, ingredients and source before enabling."
cautious_enable_only,low,Leonardo,Leonardo Adult Complete 32/16 1.8kg,cat,dry,adult,needs_review,retailer,leonardo-adult-complete-32-16-cat-dry-gr-gatoskilo,medium,48,,kcal_per_100g,,"Retailer-sourced row still needs review, but no critical blockers were detected.","Spot-check title, ingredients and source before enabling."
cautious_enable_only,low,Leonardo,Leonardo Adult Duck 15kg,cat,dry,adult,needs_review,retailer,leonardo-adult-duck-cat-dry-gr-gatoskilo,medium,48,,kcal_per_100g,,"Retailer-sourced row still needs review, but no critical blockers were detected.","Spot-check title, ingredients and source before enabling."
cautious_enable_only,low,Leonardo,Leonardo Adult Fish 1.8kg,cat,dry,adult,needs_review,retailer,leonardo-adult-fish-cat-dry-gr-gatoskilo,medium,48,,kcal_per_100g,,"Retailer-sourced row still needs review, but no critical blockers were detected.","Spot-check title, ingredients and source before enabling."
cautious_enable_only,low,Leonardo,Leonardo Adult Fresh Duck Grain Free 4kg,cat,dry,adult,needs_review,retailer,leonardo-adult-fresh-duck-grain-free-cat-dry-gr-gatoskilo,medium,48,,kcal_per_100g,,"Retailer-sourced row still needs review, but no critical blockers were detected.","Spot-check title, ingredients and source before enabling."
cautious_enable_only,low,Leonardo,Leonardo Adult Fresh Salmon Grain Free 4kg,cat,dry,adult,needs_review,retailer,leonardo-adult-fresh-salmon-grain-free-cat-dry-gr-gatoskilo,medium,48,,kcal_per_100g,,"Retailer-sourced row still needs review, but no critical blockers were detected.","Spot-check title, ingredients and source before enabling."
cautious_enable_only,low,Leonardo,Leonardo Adult Grain Free Salmon 1.8kg,cat,dry,adult,needs_review,retailer,leonardo-adult-grain-free-salmon-cat-dry-gr-gatoskilo,medium,52,,kcal_per_100g,,"Retailer-sourced row still needs review, but no critical blockers were detected.","Spot-check title, ingredients and source before enabling."
cautious_enable_only,low,Leonardo,Leonardo Adult Lamb 15kg,cat,dry,adult,needs_review,retailer,leonardo-adult-lamb-cat-dry-gr-gatoskilo,medium,48,,kcal_per_100g,,"Retailer-sourced row still needs review, but no critical blockers were detected.","Spot-check title, ingredients and source before enabling."
cautious_enable_only,low,Markus Mühle,Markus-Mühle Naturnahfutter,dog,dry,adult,needs_review,retailer,markus-muhle-markus-muhle-naturnahfutter-dog-dry-eu-retailer,medium,56,,kcal_per_100g,,"Retailer-sourced row still needs review, but no critical blockers were detected.","Spot-check title, ingredients and source before enabling."
cautious_enable_only,low,Matisse,Matisse Chicken & Rice 10kg,cat,dry,,needs_review,retailer,matisse-chicken-and-rice-cat-dry-gr-gatoskilo,medium,44,,,,"Retailer-sourced row still needs review, but no critical blockers were detected.","Spot-check title, ingredients and source before enabling."
cautious_enable_only,low,Matisse,Matisse Chicken & Turkey 10kg,cat,dry,,needs_review,retailer,matisse-chicken-and-turkey-cat-dry-gr-gatoskilo,medium,44,,,,"Retailer-sourced row still needs review, but no critical blockers were detected.","Spot-check title, ingredients and source before enabling."
cautious_enable_only,low,Matisse,Matisse Sterilised 10kg,cat,dry,,needs_review,retailer,matisse-sterilised-cat-dry-gr-gatoskilo,medium,44,,,,"Retailer-sourced row still needs review, but no critical blockers were detected.","Spot-check title, ingredients and source before enabling."
cautious_enable_only,low,Matisse,Matisse Sterilised Salmon 1.5kg,cat,dry,,needs_review,retailer,matisse-sterilised-salmon-cat-dry-gr-gatoskilo,medium,44,,,,"Retailer-sourced row still needs review, but no critical blockers were detected.","Spot-check title, ingredients and source before enabling."
cautious_enable_only,low,N&D,N&D Τropical Selection Pork Adult Med/Maxi 10kg,dog,dry,adult,needs_review,retailer,n-and-d-τropical-selection-pork-adult-med-maxi-dog-dry-gr-gatoskilo,medium,36,,,,"Retailer-sourced row still needs review, but no critical blockers were detected.","Spot-check title, ingredients and source before enabling."
cautious_enable_only,low,N&D,N&D Brown Grain Free Lamb & Spirulina Adult Mini 2kg,dog,dry,adult,needs_review,retailer,n-and-d-brown-grain-free-lamb-and-spirulina-adult-mini-dog-dry-gr-gatoskilo,medium,28,,,,"Retailer-sourced row still needs review, but no critical blockers were detected.","Spot-check title, ingredients and source before enabling."
cautious_enable_only,low,N&D,N&D Low Grain Chicken & Pomegranate Adult Med/Maxi 12kg,dog,dry,adult,needs_review,retailer,n-and-d-low-grain-chicken-and-pomegranate-adult-med-maxi-dog-dry-gr-gatoskilo,medium,36,,,,"Retailer-sourced row still needs review, but no critical blockers were detected.","Spot-check title, ingredients and source before enabling."
cautious_enable_only,low,N&D,N&D Low Grain Chicken & Pomegranate Adult Mini 2.5kg,dog,dry,adult,needs_review,retailer,n-and-d-low-grain-chicken-and-pomegranate-adult-mini-dog-dry-gr-gatoskilo,medium,36,,,,"Retailer-sourced row still needs review, but no critical blockers were detected.","Spot-check title, ingredients and source before enabling."
cautious_enable_only,low,N&D,N&D Low Grain Lamb & Blueberry Adult Med/Maxi 12kg,dog,dry,adult,needs_review,retailer,n-and-d-low-grain-lamb-and-blueberry-adult-med-maxi-dog-dry-gr-gatoskilo,medium,36,,,,"Retailer-sourced row still needs review, but no critical blockers were detected.","Spot-check title, ingredients and source before enabling."
cautious_enable_only,low,N&D,N&D Low Grain Lamb & Blueberry Adult Mini 2.5kg,dog,dry,adult,needs_review,retailer,n-and-d-low-grain-lamb-and-blueberry-adult-mini-dog-dry-gr-gatoskilo,medium,36,,,,"Retailer-sourced row still needs review, but no critical blockers were detected.","Spot-check title, ingredients and source before enabling."
cautious_enable_only,low,N&D,N&D Ocean Low Grain Cod & Orange Adult Med/Maxi 12kg,dog,dry,adult,needs_review,retailer,n-and-d-ocean-low-grain-cod-and-orange-adult-med-maxi-dog-dry-gr-gatoskilo,medium,36,,,,"Retailer-sourced row still needs review, but no critical blockers were detected.","Spot-check title, ingredients and source before enabling."
cautious_enable_only,low,N&D,N&D Ocean Low Grain Cod & Orange Adult Mini 2.5kg,dog,dry,adult,needs_review,retailer,n-and-d-ocean-low-grain-cod-and-orange-adult-mini-dog-dry-gr-gatoskilo,medium,36,,,,"Retailer-sourced row still needs review, but no critical blockers were detected.","Spot-check title, ingredients and source before enabling."
cautious_enable_only,low,N&D,"N&D Ocean Low Grain Cod, Spelt, Oats & Orange 300gr",cat,dry,,needs_review,retailer,n-and-d-ocean-low-grain-cod-spelt-oats-and-orange-cat-dry-gr-gatoskilo,medium,32,,,,"Retailer-sourced row still needs review, but no critical blockers were detected.","Spot-check title, ingredients and source before enabling."
cautious_enable_only,low,N&D,N&D Pumpkin Grain Free Boar & Apple Adult Mini 2.5kg,dog,dry,adult,needs_review,retailer,n-and-d-pumpkin-grain-free-boar-and-apple-adult-mini-dog-dry-gr-gatoskilo,medium,36,,,,"Retailer-sourced row still needs review, but no critical blockers were detected.","Spot-check title, ingredients and source before enabling."
cautious_enable_only,low,N&D,N&D Pumpkin Grain Free Chicken & Pomegranate Adult Med/Maxi 12kg,dog,dry,adult,needs_review,retailer,n-and-d-pumpkin-grain-free-chicken-and-pomegranate-adult-med-maxi-dog-dry-gr-gatoskilo,medium,36,,,,"Retailer-sourced row still needs review, but no critical blockers were detected.","Spot-check title, ingredients and source before enabling."
cautious_enable_only,low,N&D,N&D Pumpkin Grain Free Chicken & Pomegranate Adult Mini 2.5kg,dog,dry,adult,needs_review,retailer,n-and-d-pumpkin-grain-free-chicken-and-pomegranate-adult-mini-dog-dry-gr-gatoskilo,medium,36,,,,"Retailer-sourced row still needs review, but no critical blockers were detected.","Spot-check title, ingredients and source before enabling."
cautious_enable_only,low,N&D,N&D Pumpkin Grain Free Chicken & Pomegranate Puppy Med/Maxi 12kg,dog,dry,puppy,needs_review,retailer,n-and-d-pumpkin-grain-free-chicken-and-pomegranate-puppy-med-maxi-dog-dry-gr-gatoskilo,medium,52,,,puppy,"Retailer-sourced row still needs review, but no critical blockers were detected.","Spot-check title, ingredients and source before enabling."
cautious_enable_only,low,N&D,N&D Pumpkin Grain Free Codfish & Melon Kitten 1.5kg,cat,dry,kitten,needs_review,retailer,n-and-d-pumpkin-grain-free-codfish-and-melon-kitten-cat-dry-gr-gatoskilo,medium,44,,,kitten,"Retailer-sourced row still needs review, but no critical blockers were detected.","Spot-check title, ingredients and source before enabling."
cautious_enable_only,low,N&D,N&D Pumpkin Grain Free Duck 5kg,cat,dry,,needs_review,retailer,n-and-d-pumpkin-grain-free-duck-cat-dry-gr-gatoskilo,medium,36,,,,"Retailer-sourced row still needs review, but no critical blockers were detected.","Spot-check title, ingredients and source before enabling."
cautious_enable_only,low,N&D,N&D Pumpkin Grain Free Lamb & Blueberry Adult Med/Maxi 12kg,dog,dry,adult,needs_review,retailer,n-and-d-pumpkin-grain-free-lamb-and-blueberry-adult-med-maxi-dog-dry-gr-gatoskilo,medium,36,,,,"Retailer-sourced row still needs review, but no critical blockers were detected.","Spot-check title, ingredients and source before enabling."
cautious_enable_only,low,N&D,N&D Pumpkin Grain Free Lamb & Blueberry Adult Mini 2.5kg,dog,dry,adult,needs_review,retailer,n-and-d-pumpkin-grain-free-lamb-and-blueberry-adult-mini-dog-dry-gr-gatoskilo,medium,36,,,,"Retailer-sourced row still needs review, but no critical blockers were detected.","Spot-check title, ingredients and source before enabling."
cautious_enable_only,low,N&D,N&D Pumpkin Grain Free Lamb & Blueberry Puppy Mini 2.5kg,dog,dry,puppy,needs_review,retailer,n-and-d-pumpkin-grain-free-lamb-and-blueberry-puppy-mini-dog-dry-gr-gatoskilo,medium,56,,,puppy,"Retailer-sourced row still needs review, but no critical blockers were detected.","Spot-check title, ingredients and source before enabling."
cautious_enable_only,low,N&D,N&D Pumpkin Grain Free Lamb & Blueberry Sterilised 1.5kg,cat,dry,,needs_review,retailer,n-and-d-pumpkin-grain-free-lamb-and-blueberry-sterilised-cat-dry-gr-gatoskilo,medium,28,,,,"Retailer-sourced row still needs review, but no critical blockers were detected.","Spot-check title, ingredients and source before enabling."
cautious_enable_only,low,N&D,N&D Pumpkin Grain Free Quail 1.5kg,cat,dry,,needs_review,retailer,n-and-d-pumpkin-grain-free-quail-cat-dry-gr-gatoskilo,medium,36,,,,"Retailer-sourced row still needs review, but no critical blockers were detected.","Spot-check title, ingredients and source before enabling."
cautious_enable_only,low,N&D,N&D Pumpkin Grain Free Quail Sterilised 1.5kg,cat,dry,,needs_review,retailer,n-and-d-pumpkin-grain-free-quail-sterilised-cat-dry-gr-gatoskilo,medium,36,,,,"Retailer-sourced row still needs review, but no critical blockers were detected.","Spot-check title, ingredients and source before enabling."
cautious_enable_only,low,N&D,N&D Pumpkin Grain Free Venison 1.5kg,cat,dry,,needs_review,retailer,n-and-d-pumpkin-grain-free-venison-cat-dry-gr-gatoskilo,medium,36,,,,"Retailer-sourced row still needs review, but no critical blockers were detected.","Spot-check title, ingredients and source before enabling."
cautious_enable_only,low,N&D,N&D Quinoa Grain Free Digestion Lamb 1.5kg,cat,dry,,needs_review,retailer,n-and-d-quinoa-grain-free-digestion-lamb-cat-dry-gr-gatoskilo,medium,32,,,,"Retailer-sourced row still needs review, but no critical blockers were detected.","Spot-check title, ingredients and source before enabling."
cautious_enable_only,low,N&D,N&D Quinoa Grain Free Digestion Lamb 7kg,dog,dry,,needs_review,retailer,n-and-d-quinoa-grain-free-digestion-lamb-dog-dry-gr-gatoskilo,medium,32,,,,"Retailer-sourced row still needs review, but no critical blockers were detected.","Spot-check title, ingredients and source before enabling."
cautious_enable_only,low,N&D,N&D Quinoa Grain Free Duck Neutered Adult Med/Maxi 12kg,dog,dry,adult,needs_review,retailer,n-and-d-quinoa-grain-free-duck-neutered-adult-med-maxi-dog-dry-gr-gatoskilo,medium,28,,,,"Retailer-sourced row still needs review, but no critical blockers were detected.","Spot-check title, ingredients and source before enabling."
cautious_enable_only,low,N&D,N&D Quinoa Grain Free Neutered Duck Adult Med/Maxi 2.5kg,dog,dry,adult,needs_review,retailer,n-and-d-quinoa-grain-free-neutered-duck-adult-med-maxi-dog-dry-gr-gatoskilo,medium,28,,,,"Retailer-sourced row still needs review, but no critical blockers were detected.","Spot-check title, ingredients and source before enabling."
cautious_enable_only,low,N&D,N&D Quinoa Grain Free Neutered Duck Adult Mini 2.5kg,dog,dry,adult,needs_review,retailer,n-and-d-quinoa-grain-free-neutered-duck-adult-mini-dog-dry-gr-gatoskilo,medium,28,,,,"Retailer-sourced row still needs review, but no critical blockers were detected.","Spot-check title, ingredients and source before enabling."
cautious_enable_only,low,N&D,N&D Quinoa Grain Free Skin & Coat Duck Mini 2.5kg,dog,dry,,needs_review,retailer,n-and-d-quinoa-grain-free-skin-and-coat-duck-mini-dog-dry-gr-gatoskilo,medium,36,,,,"Retailer-sourced row still needs review, but no critical blockers were detected.","Spot-check title, ingredients and source before enabling."
cautious_enable_only,low,N&D,N&D Quinoa Grain Free Skin & Coat Venison Mini 2.5kg,dog,dry,,needs_review,retailer,n-and-d-quinoa-grain-free-skin-and-coat-venison-mini-dog-dry-gr-gatoskilo,medium,36,,,,"Retailer-sourced row still needs review, but no critical blockers were detected.","Spot-check title, ingredients and source before enabling."
cautious_enable_only,low,N&D,N&D Quinoa Grain Free Urinary Duck 1.5kg,cat,dry,,needs_review,retailer,n-and-d-quinoa-grain-free-urinary-duck-cat-dry-gr-gatoskilo,medium,52,,,urinary,"Retailer-sourced row still needs review, but no critical blockers were detected.","Spot-check title, ingredients and source before enabling."
cautious_enable_only,low,N&D,N&D Quinoa Grain Free Weight Management Lamb 5kg,cat,dry,,needs_review,retailer,n-and-d-quinoa-grain-free-weight-management-lamb-cat-dry-gr-gatoskilo,medium,40,,,weight_control,"Retailer-sourced row still needs review, but no critical blockers were detected.","Spot-check title, ingredients and source before enabling."
cautious_enable_only,low,N&D,N&D Quinoa Grain Free Weight Management Lamb 7kg,dog,dry,,needs_review,retailer,n-and-d-quinoa-grain-free-weight-management-lamb-dog-dry-gr-gatoskilo,medium,40,,,weight_control,"Retailer-sourced row still needs review, but no critical blockers were detected.","Spot-check title, ingredients and source before enabling."
cautious_enable_only,low,N&D,N&D Quinoa Grain Free Weight Management Mini Lamb & Broccoli 7kg,dog,dry,,needs_review,retailer,n-and-d-quinoa-grain-free-weight-management-mini-lamb-and-broccoli-dog-dry-gr-gatoskilo,medium,40,,,weight_control,"Retailer-sourced row still needs review, but no critical blockers were detected.","Spot-check title, ingredients and source before enabling."
cautious_enable_only,low,N&D,N&D White Grain Free Sea Bass & Spirulina Adult Mini 2kg,dog,dry,adult,needs_review,retailer,n-and-d-white-grain-free-sea-bass-and-spirulina-adult-mini-dog-dry-gr-gatoskilo,medium,28,,,,"Retailer-sourced row still needs review, but no critical blockers were detected.","Spot-check title, ingredients and source before enabling."
cautious_enable_only,low,N&D,N&D White Grain Free Sea Bass & Spirulina Puppy Mini 1.5kg,dog,dry,puppy,needs_review,retailer,n-and-d-white-grain-free-sea-bass-and-spirulina-puppy-mini-dog-dry-gr-gatoskilo,medium,48,,,puppy,"Retailer-sourced row still needs review, but no critical blockers were detected.","Spot-check title, ingredients and source before enabling."
cautious_enable_only,low,Nature,Nature's Protection Dark Coat Poultry Adult All Breeds 1.5kg,dog,dry,adult,needs_review,retailer,nature-s-protection-dark-coat-poultry-adult-all-breeds-dog-dry-gr-gatoskilo,medium,56,,kcal_per_100g|moisture_percent,,"Retailer-sourced row still needs review, but no critical blockers were detected.","Spot-check title, ingredients and source before enabling."
cautious_enable_only,low,Naturea,"Naturea Cat Miacis Salmon, Chicken, Rabbit & Anchovies 1.6kg",cat,dry,,needs_review,retailer,naturea-cat-miacis-salmon-chicken-rabbit-and-anchovies-cat-dry-gr-gatoskilo,medium,36,,,,"Retailer-sourced row still needs review, but no critical blockers were detected.","Spot-check title, ingredients and source before enabling."
cautious_enable_only,low,Naturea,Naturea Elements Adult Iberian Pork 12kg,dog,dry,adult,needs_review,retailer,naturea-elements-adult-iberian-pork-dog-dry-gr-gatoskilo,medium,36,,,,"Retailer-sourced row still needs review, but no critical blockers were detected.","Spot-check title, ingredients and source before enabling."
cautious_enable_only,low,Optima Nova,Optima Nova Adult Chicken & Rice 2kg,cat,dry,adult,needs_review,retailer,optima-nova-adult-chicken-and-rice-cat-dry-gr-gatoskilo,medium,44,,kcal_per_100g,,"Retailer-sourced row still needs review, but no critical blockers were detected.","Spot-check title, ingredients and source before enabling."
cautious_enable_only,low,Optima Nova,Optima Nova Adult Sterilized 2kg,cat,dry,adult,needs_review,retailer,optima-nova-adult-sterilized-cat-dry-gr-gatoskilo,medium,56,,kcal_per_100g|moisture_percent,,"Retailer-sourced row still needs review, but no critical blockers were detected.","Spot-check title, ingredients and source before enabling."
cautious_enable_only,low,Orijen,Orijen Guardian 8 1.8kg,cat,dry,kitten,needs_review,retailer,orijen-guardian-8-cat-dry-gr-gatoskilo,medium,44,,,kitten,"Retailer-sourced row still needs review, but no critical blockers were detected.","Spot-check title, ingredients and source before enabling."
cautious_enable_only,low,Orijen,Orijen Kitten 1.8kg,cat,dry,kitten,needs_review,retailer,orijen-kitten-cat-dry-gr-gatoskilo,medium,44,,,kitten,"Retailer-sourced row still needs review, but no critical blockers were detected.","Spot-check title, ingredients and source before enabling."
cautious_enable_only,low,Orijen,Orijen Original Cat 1.8kg,cat,dry,kitten,needs_review,retailer,orijen-original-cat-cat-dry-gr-gatoskilo,medium,44,,,kitten,"Retailer-sourced row still needs review, but no critical blockers were detected.","Spot-check title, ingredients and source before enabling."
cautious_enable_only,low,Orijen,Orijen Puppy 11.4kg,dog,dry,puppy,needs_review,retailer,orijen-puppy-dog-dry-gr-gatoskilo,medium,48,,,puppy,"Retailer-sourced row still needs review, but no critical blockers were detected.","Spot-check title, ingredients and source before enabling."
cautious_enable_only,low,Ownat,Ownat Classic Cat Daily Care 4kg,cat,dry,,needs_review,retailer,ownat-classic-cat-daily-care-cat-dry-gr-gatoskilo,medium,44,,,,"Retailer-sourced row still needs review, but no critical blockers were detected.","Spot-check title, ingredients and source before enabling."
cautious_enable_only,low,Ownat,Ownat Classic Cat Sterilized 4kg,cat,dry,,needs_review,retailer,ownat-classic-cat-sterilized-cat-dry-gr-gatoskilo,medium,44,,,,"Retailer-sourced row still needs review, but no critical blockers were detected.","Spot-check title, ingredients and source before enabling."
cautious_enable_only,low,Ownat,Ownat Classic Dog Fish 20kg,dog,dry,,needs_review,retailer,ownat-classic-dog-fish-dog-dry-gr-gatoskilo,medium,44,,,,"Retailer-sourced row still needs review, but no critical blockers were detected.","Spot-check title, ingredients and source before enabling."
cautious_enable_only,low,Ownat,Ownat Classic Dog Lamb & Rice 12kg,dog,dry,,needs_review,retailer,ownat-classic-dog-lamb-and-rice-dog-dry-gr-gatoskilo,medium,44,,,,"Retailer-sourced row still needs review, but no critical blockers were detected.","Spot-check title, ingredients and source before enabling."
cautious_enable_only,low,Ownat,Ownat Classic Dog Monoproteic Αρνί 4kg,dog,dry,,needs_review,retailer,ownat-classic-dog-monoproteic-αρνι-dog-dry-gr-gatoskilo,medium,36,,,,"Retailer-sourced row still needs review, but no critical blockers were detected.","Spot-check title, ingredients and source before enabling."
cautious_enable_only,low,Ownat,Ownat Classic Dog Monoproteic Σολομός 12kg,dog,dry,,needs_review,retailer,ownat-classic-dog-monoproteic-σολομοσ-dog-dry-gr-gatoskilo,medium,36,,,,"Retailer-sourced row still needs review, but no critical blockers were detected.","Spot-check title, ingredients and source before enabling."
cautious_enable_only,low,Ownat,Ownat Classic Dog Monoproteic Χοιρινό 12kg,dog,dry,,needs_review,retailer,ownat-classic-dog-monoproteic-χοιρινο-dog-dry-gr-gatoskilo,medium,36,,,,"Retailer-sourced row still needs review, but no critical blockers were detected.","Spot-check title, ingredients and source before enabling."
cautious_enable_only,low,Ownat,Ownat Just Cat Grain Free Sterilized 1kg,cat,dry,,needs_review,retailer,ownat-just-cat-grain-free-sterilized-cat-dry-gr-gatoskilo,medium,36,,,,"Retailer-sourced row still needs review, but no critical blockers were detected.","Spot-check title, ingredients and source before enabling."
cautious_enable_only,low,Ownat,Ownat Ultra Dog Mini Adult 3kg,dog,dry,adult,needs_review,retailer,ownat-ultra-dog-mini-adult-dog-dry-gr-gatoskilo,medium,28,,,,"Retailer-sourced row still needs review, but no critical blockers were detected.","Spot-check title, ingredients and source before enabling."
cautious_enable_only,low,Prince,Princess Cat Sensitive Digest 2kg,cat,dry,adult,needs_review,retailer,prince-ss-cat-sensitive-digest-cat-dry-gr-gatoskilo,medium,52,,kcal_per_100g|moisture_percent,,"Retailer-sourced row still needs review, but no critical blockers were detected.","Spot-check title, ingredients and source before enabling."
cautious_enable_only,low,Pro-Nutrition (Flatazor),Pro-Nutrition Prestige (Flatazor) Adult All Sizes Exigent 3kg,dog,dry,adult,needs_review,retailer,pro-nutrition-flatazor-pro-nutrition-prestige-flatazor-adult-all-sizes-exigent-dog-dry-gr-gatoskilo,medium,40,,,,"Retailer-sourced row still needs review, but no critical blockers were detected.","Spot-check title, ingredients and source before enabling."
cautious_enable_only,low,Pro-Nutrition (Flatazor),Pro-Nutrition Prestige (Flatazor) Cat Sterilized Chicken 10kg,cat,dry,,needs_review,retailer,pro-nutrition-flatazor-pro-nutrition-prestige-flatazor-cat-sterilized-chicken-cat-dry-gr-gatoskilo,medium,40,,,,"Retailer-sourced row still needs review, but no critical blockers were detected.","Spot-check title, ingredients and source before enabling."
cautious_enable_only,low,Pro-Nutrition (Flatazor),Pro-Nutrition Prestige (Flatazor) Maxi Adult 14kg + 2.5kg ΔΩΡΟ,dog,dry,adult,needs_review,retailer,pro-nutrition-flatazor-pro-nutrition-prestige-flatazor-maxi-adult-δωρο-dog-dry-gr-gatoskilo,medium,40,,,,"Retailer-sourced row still needs review, but no critical blockers were detected.","Spot-check title, ingredients and source before enabling."
cautious_enable_only,low,Pro-Nutrition (Flatazor),Pro-Nutrition Protect (Flatazor) Obesite Cat 2kg,cat,dry,,needs_review,retailer,pro-nutrition-flatazor-pro-nutrition-protect-flatazor-obesite-cat-cat-dry-gr-gatoskilo,medium,28,,,,"Retailer-sourced row still needs review, but no critical blockers were detected.","Spot-check title, ingredients and source before enabling."
cautious_enable_only,low,Pro-Nutrition (Flatazor),Pro-Nutrition Pure Life (Flatazor) Cat Sterilized Sardine 2kg,cat,dry,,needs_review,retailer,pro-nutrition-flatazor-pro-nutrition-pure-life-flatazor-cat-sterilized-sardine-cat-dry-gr-gatoskilo,medium,28,,,,"Retailer-sourced row still needs review, but no critical blockers were detected.","Spot-check title, ingredients and source before enabling."
cautious_enable_only,low,Pro-Nutrition (Flatazor),Pro-Nutrition Pure Life (Flatazor) Dog Adult Sensitive with Lamb 2kg,dog,dry,adult,needs_review,retailer,pro-nutrition-flatazor-pro-nutrition-pure-life-flatazor-dog-adult-sensitive-with-lamb-dog-dry-gr-gatoskilo,medium,36,,,,"Retailer-sourced row still needs review, but no critical blockers were detected.","Spot-check title, ingredients and source before enabling."
cautious_enable_only,low,ProChoice,ProChoice Pro 32 Adult Sterilised Κοτόπουλο & Ρύζι 15kg,cat,dry,adult,needs_review,retailer,prochoice-pro-32-adult-sterilised-κοτοπουλο-and-ρυζι-cat-dry-gr-gatoskilo,medium,40,,kcal_per_100g,,"Retailer-sourced row still needs review, but no critical blockers were detected.","Spot-check title, ingredients and source before enabling."
cautious_enable_only,low,Profine,Profine Cat Sterilized Chicken & Rice 10Kg,cat,dry,,needs_review,retailer,profine-cat-sterilized-chicken-and-rice-cat-dry-gr-gatoskilo,medium,28,,,,"Retailer-sourced row still needs review, but no critical blockers were detected.","Spot-check title, ingredients and source before enabling."
cautious_enable_only,low,Purina Pro Plan,Purina Pro Plan Veterinary Diets Cat EN Gastrointestinal 400gr,cat,dry,,needs_review,retailer,purina-pro-plan-veterinary-diets-cat-en-gastrointestinal-cat-dry-gr-gatoskilo,medium,44,,,,"Retailer-sourced row still needs review, but no critical blockers were detected.","Spot-check title, ingredients and source before enabling."
cautious_enable_only,low,Purina Pro Plan,Purina Pro Plan Veterinary Diets Cat NF Advanced Care 1.5kg,cat,dry,,needs_review,retailer,purina-pro-plan-veterinary-diets-cat-nf-advanced-care-cat-dry-gr-gatoskilo,medium,48,,kcal_per_100g|moisture_percent,,"Retailer-sourced row still needs review, but no critical blockers were detected.","Spot-check title, ingredients and source before enabling."
cautious_enable_only,low,Purina Pro Plan,Purina Pro Plan Veterinary Diets Cat NF Early Care 1.5kg,cat,dry,,needs_review,retailer,purina-pro-plan-veterinary-diets-cat-nf-early-care-cat-dry-gr-gatoskilo,medium,56,,kcal_per_100g|moisture_percent,,"Retailer-sourced row still needs review, but no critical blockers were detected.","Spot-check title, ingredients and source before enabling."
cautious_enable_only,low,Reflex,Reflex Plus Medium / Large Adult Chicken 12kg,dog,dry,adult,needs_review,retailer,reflex-plus-medium-large-adult-chicken-dog-dry-gr-gatoskilo,medium,48,,kcal_per_100g,,"Retailer-sourced row still needs review, but no critical blockers were detected.","Spot-check title, ingredients and source before enabling."
cautious_enable_only,low,Reflex,Reflex Plus Mini / Small Adult Lamb & Rice 8kg,dog,dry,adult,needs_review,retailer,reflex-plus-mini-small-adult-lamb-and-rice-dog-dry-gr-gatoskilo,medium,48,,kcal_per_100g,,"Retailer-sourced row still needs review, but no critical blockers were detected.","Spot-check title, ingredients and source before enabling."
cautious_enable_only,low,Royal Canin,Royal Canin Mini Adult Sterilised 1kg,dog,dry,adult,needs_review,retailer,royal-canin-mini-adult-sterilised-dog-dry-gr-gatoskilo,medium,44,,kcal_per_100g,,"Retailer-sourced row still needs review, but no critical blockers were detected.","Spot-check title, ingredients and source before enabling."
cautious_enable_only,low,Royal Canin,Royal Canin Vet Diet Cat Skin & Coat 3.5kg,cat,dry,,needs_review,retailer,royal-canin-vet-diet-cat-skin-and-coat-cat-dry-gr-gatoskilo,medium,48,,kcal_per_100g|moisture_percent,,"Retailer-sourced row still needs review, but no critical blockers were detected.","Spot-check title, ingredients and source before enabling."
cautious_enable_only,low,Royal Canin,Royal Canin Vet Diet Small Dog Satiety Weight Management 1.5kg,dog,dry,,needs_review,retailer,royal-canin-vet-diet-small-dog-satiety-weight-management-dog-dry-gr-gatoskilo,medium,52,,,weight_control,"Retailer-sourced row still needs review, but no critical blockers were detected.","Spot-check title, ingredients and source before enabling."
cautious_enable_only,low,Trovet,Trovet Dog Hypoallergenic Lamb 10kg,dog,dry,,needs_review,retailer,trovet-dog-hypoallergenic-lamb-dog-dry-gr-gatoskilo,medium,40,,,,"Retailer-sourced row still needs review, but no critical blockers were detected.","Spot-check title, ingredients and source before enabling."
cautious_enable_only,low,Vet Expert,Vet Expert Hypoallergenic Dog Ultra 2kg,dog,dry,,needs_review,retailer,vet-expert-hypoallergenic-dog-ultra-dog-dry-gr-gatoskilo,medium,28,,,,"Retailer-sourced row still needs review, but no critical blockers were detected.","Spot-check title, ingredients and source before enabling."
cautious_enable_only,low,Vet Expert,Vet Expert Raw Paleo Adult Μini Beef 2kg,dog,dry,adult,needs_review,retailer,vet-expert-raw-paleo-adult-μini-beef-dog-dry-gr-gatoskilo,medium,56,,kcal_per_100g|moisture_percent,,"Retailer-sourced row still needs review, but no critical blockers were detected.","Spot-check title, ingredients and source before enabling."
cautious_enable_only,low,Wellfed,Wellfed InstinCat Chicken & Salmon 300gr,cat,dry,,needs_review,retailer,wellfed-instincat-chicken-and-salmon-cat-dry-gr-gatoskilo,medium,48,,kcal_per_100g,,"Retailer-sourced row still needs review, but no critical blockers were detected.","Spot-check title, ingredients and source before enabling."
cautious_enable_only,low,Wolf of Wilderness,"Wolf of Wilderness Adult ""Wild Hills"" Duck - Grain-Free",dog,dry,adult,needs_review,retailer,wolf-of-wilderness-adult-wild-hills-duck-grain-free-dog-dry-eu-retailer,medium,56,,kcal_per_100g,,"Retailer-sourced row still needs review, but no critical blockers were detected.","Spot-check title, ingredients and source before enabling."
cautious_enable_only,low,Wolf of Wilderness,"Wolf of Wilderness Adult Sensitive ""Rocky Canyons"" - Beef",dog,dry,adult,needs_review,retailer,wolf-of-wilderness-adult-sensitive-rocky-canyons-beef-dog-dry-eu-retailer,medium,56,,kcal_per_100g,,"Retailer-sourced row still needs review, but no critical blockers were detected.","Spot-check title, ingredients and source before enabling."
